6.449507713317871
11.11557674407959
23.671857833862305
21.34528923034668
28.055234909057617
31.095029830932617
19.520505905151367
7.013045310974121
5.506529808044434
0.6159008145332336
14.951231956481934
11.555510520935059
12.550787925720215
33.68017578125
15.059798240661621
12.514769554138184
25.82240104675293
34.69854736328125
17.437864303588867
18.885953903198242
22.38441276550293
46.4459228515625
1.7920310497283936
28.11128044128418
6.104250907897949
7.334490776062012
4.22910213470459
13.445242881774902
41.514495849609375
15.555571556091309
22.095151901245117
14.33035945892334
6.103754997253418
5.521803855895996
4.478388786315918
19.338972091674805
15.475714683532715
3.8343379497528076
7.950087547302246
7.218390464782715
8.644042015075684
32.79302978515625
28.532621383666992
0.028445059433579445
31.234800338745117
11.419943809509277
25.753049850463867
12.743681907653809
10.538878440856934
1.3240153789520264
1.7541396617889404
17.338560104370117
2.7813098430633545
9.435416221618652
12.189536094665527
10.878912925720215
9.553488731384277
13.55686092376709
40.65771484375
9.271239280700684
7.675314903259277
10.639243125915527
56.844512939453125
41.10955810546875
38.7247314453125
16.039640426635742
5.770194053649902
1.8091323375701904
17.503522872924805
15.611006736755371
4.157809257507324
1.9399135112762451
0.8033903241157532
3.3186709880828857
21.284360885620117
2.304274320602417
3.0578677654266357
8.327078819274902
7.921004295349121
13.462393760681152
25.45118522644043
43.0301513671875
63.517578125
48.23193359375
26.405424118041992
5.825461387634277
45.5340576171875
50.399078369140625
8.618041038513184
19.306974411010742
7.578520774841309
5.8558759689331055
6.908743858337402
22.996763229370117
7.200011253356934
9.930472373962402
27.419355392456055
1.718641996383667
3.8197734355926514
6.8357954025268555
6.979857444763184
3.013106107711792
2.699230909347534
8.934348106384277
5.274542808532715
51.586090087890625
45.7198486328125
61.65802001953125
8.765410423278809
0.9652908444404602
1.1063077449798584
0.4433005452156067
1.3979785442352295
25.806272506713867
51.827056884765625
48.277923583984375
23.451627731323242
5.29776668548584
7.058863639831543
1.3482167720794678
2.323227643966675
65.64825439453125
1.8905208110809326
9.021124839782715
6.76938533782959
5.1249494552612305
7.020155906677246
8.794493675231934
51.805023193359375
50.919891357421875
7.699156761169434
20.610502243041992
24.45106315612793
32.08319091796875
3.473444700241089
9.052443504333496
6.8764448165893555
29.23548698425293
7.590727806091309
6.439318656921387
6.302950859069824
15.416930198669434
47.7886962890625
15.225432395935059
3.803053617477417
29.29749870300293
6.149184226989746
21.727354049682617
2.3182475566864014
3.7780330181121826
6.713141441345215
11.319220542907715
27.715116500854492
25.40388298034668
23.44428825378418
21.509214401245117
2.8777854442596436
8.47605037689209
13.499205589294434
10.233336448669434
63.10986328125
11.561812400817871
16.66023063659668
21.73841667175293
9.533804893493652
36.55230712890625
49.589447021484375
11.709280967712402
21.888212203979492
45.349761962890625
31.445890426635742
11.305907249450684
30.356748580932617
29.991147994995117
22.706098556518555
1.5691688060760498
3.8356540203094482
8.71042537689209
2.8259379863739014
13.075430870056152
24.862791061401367
9.466696739196777
3.5871379375457764
52.585479736328125
29.250104904174805
0.29893285036087036
9.176093101501465
23.331937789916992
13.899664878845215
15.931075096130371
13.40213680267334
14.477690696716309
2.255608320236206
4.5661420822143555
9.796683311462402
7.720145225524902
6.486624717712402
7.783385276794434
8.038985252380371
12.471205711364746
4.917838096618652
19.106611251831055
0.5306699872016907
12.812247276306152
6.224238395690918
5.084094047546387
10.511542320251465
6.977972984313965
15.687773704528809
26.492216110229492
36.906341552734375
45.478607177734375
48.605194091796875
2.0542705059051514
14.408812522888184
24.94306755065918
5.290129661560059
4.170775413513184
14.481245994567871
3.9628207683563232
3.9158504009246826
18.991254806518555
20.690046310424805
17.103132247924805
2.7416903972625732
6.725760459899902
24.070402145385742
3.5772273540496826
5.6036176681518555
8.52310848236084
9.437209129333496
8.661444664001465
14.158095359802246
22.979398727416992
14.503279685974121
3.331587553024292
20.15846061706543
6.469595909118652
6.552374839782715
1.6035706996917725
3.180464506149292
1.8281371593475342
8.426199913024902
13.067740440368652
5.287981986999512
16.184965133666992
0.5999820828437805
0.4010084271430969
3.2371127605438232
59.709442138671875
5.674635887145996
8.623801231384277
36.054351806640625
15.215575218200684
31.861753463745117
27.799619674682617
48.843963623046875
2.1636016368865967
14.823538780212402
3.58105731010437
1.7473857402801514
14.304007530212402
3.4220759868621826
20.312681198120117
3.8483035564422607
1.6516883373260498
2.053938627243042
0.21741753816604614
7.965384483337402
28.478757858276367
4.088225364685059
19.112363815307617
7.044684410095215
3.523085355758667
3.0066001415252686
6.025626182556152
0.688885509967804
3.0331733226776123
17.795942306518555
3.472651243209839
42.236358642578125
20.509122848510742
44.82012939453125
0.0
8.215666770935059
27.357908248901367
12.955252647399902
4.531630516052246
9.583540916442871
0.5634649395942688
30.595746994018555
6.506152153015137
9.945937156677246
2.0719897747039795
4.060259819030762
15.964140892028809
24.411924362182617
1.7209956645965576
2.5333468914031982
2.1745994091033936
24.551023483276367
25.653165817260742
7.086359977722168
40.103118896484375
8.932707786560059
12.843741416931152
16.00709342956543
2.6947200298309326
14.978522300720215
5.8342695236206055
10.132994651794434
6.221922874450684
7.067706108093262
1.4586455821990967
16.091962814331055
0.6029756665229797
7.485899925231934
2.4537112712860107
20.627180099487305
1.7591331005096436
8.031111717224121
7.011916160583496
1.860609769821167
5.181635856628418
1.8793818950653076
6.240023612976074
15.553023338317871
9.73960018157959
2.2179248332977295
37.112060546875
0.6845634579658508
3.3398654460906982
0.4849441647529602
45.283935546875
0.2890060544013977
0.26067525148391724
8.727850914001465
11.734221458435059
20.73121452331543
11.284789085388184
37.4935302734375
1.08774733543396
13.122099876403809
5.425223350524902
0.31847745180130005
4.996947288513184
7.557761192321777
3.776381254196167
0.08066993206739426
2.8204104900360107
1.699284315109253
18.993589401245117
3.7374484539031982
10.263297080993652
0.30566245317459106
27.67249870300293
19.91102409362793
17.527448654174805
2.5867068767547607
0.9579113125801086
4.22769832611084
13.230254173278809
27.22327995300293
22.87739372253418
2.0454013347625732
31.592161178588867
34.15069580078125
36.08380126953125
10.170271873474121
1.5038554668426514
4.744223594665527
35.389404296875
10.527205467224121
11.564970970153809
1.3794448375701904
20.29096794128418
7.520880699157715
19.296873092651367
3.2853877544403076
7.771788597106934
5.505461692810059
3.1596438884735107
0.380388081073761
0.3065045475959778
2.04829478263855
3.4726054668426514
0.8795841336250305
4.406638145446777
5.375147819519043
6.995909690856934
6.025412559509277
1.487969160079956
2.6122024059295654
24.649152755737305
4.217432975769043
11.220396995544434
1.1237647533416748
4.837309837341309
0.20236212015151978
3.495346784591675
10.191008567810059
12.626677513122559
1.009774923324585
2.7303569316864014
27.109540939331055
43.726043701171875
1.881077527999878
2.077439069747925
11.990828514099121
13.649275779724121
3.825554609298706
23.924467086791992
14.853102684020996
5.477046012878418
-0.19116228818893433
0.11942701786756516
0.048000626266002655
17.38642692565918
8.02506160736084
32.51116943359375
38.195892333984375
9.871840476989746
15.666396141052246
9.068511009216309
43.432708740234375
4.3980207443237305
16.838972091674805
22.467573165893555
2.7867953777313232
4.356642723083496
17.14979362487793
6.608031272888184
0.657558262348175
3.73529314994812
58.051025390625
1.4410407543182373
0.2452595829963684
6.103472709655762
22.699445724487305
0.35300546884536743
13.334189414978027
16.805021286010742
4.199889183044434
9.560294151306152
5.822165489196777
10.020308494567871
2.9070193767547607
2.0224406719207764
5.936530113220215
-0.039569176733493805
24.70155143737793
0.242235004901886
2.6378695964813232
14.294028282165527
3.1962478160858154
11.322958946228027
0.3895953297615051
4.833315849304199
16.67896842956543
17.14692497253418
14.815558433532715
1.2962844371795654
9.854613304138184
-0.12602689862251282
16.300687789916992
1.5338523387908936
5.144808769226074
8.536726951599121
5.325469017028809
2.3054797649383545
3.20678973197937
3.356480360031128
0.2659524083137512
31.992277145385742
31.48432731628418
0.01003914512693882
0.8947198987007141
0.6413381695747375
11.343375205993652
-0.12545913457870483
14.871291160583496
11.509421348571777
8.635367393493652
10.560484886169434
5.101332664489746
5.002532005310059
23.511960983276367
0.04957275837659836
0.38335973024368286
15.358222007751465
18.032331466674805
1.145317792892456
11.565291404724121
29.69392204284668
31.530759811401367
29.557905197143555
3.492342710494995
2.133312940597534
9.782248497009277
2.1098620891571045
0.49215298891067505
1.2965943813323975
0.730938732624054
0.3332369923591614
5.72122859954834
0.9775188565254211
15.578993797302246
0.01557951606810093
7.655455589294434
14.243491172790527
1.848860502243042
2.583660840988159
0.950212299823761
15.558089256286621
0.963212788105011
8.683234214782715
1.3771979808807373
1.363483190536499
29.464445114135742
3.1473681926727295
14.642424583435059
1.7447917461395264
-0.05688101798295975
1.596724271774292
-0.05616307258605957
2.4992587566375732
15.806319236755371
3.481520414352417
1.242424726486206
3.808687925338745
1.0873935222625732
20.93934440612793
3.9196383953094482
37.884063720703125
0.37247830629348755
0.7311962246894836
2.5754592418670654
6.730834007263184
0.10703449696302414
0.9845474362373352
2.046482801437378
6.157889366149902
2.801539182662964
10.828436851501465
10.115805625915527
4.298068046569824
30.405820846557617
4.822432518005371
13.51084041595459
11.626227378845215
10.486113548278809
4.55893611907959
12.524619102478027
0.6583660244941711
1.0139081478118896
1.8696448802947998
0.8706901669502258
4.285109519958496
0.0026257578283548355
2.5490996837615967
9.653731346130371
-0.12155134230852127
5.665060997009277
3.279064893722534
6.171145439147949
0.1888025403022766
0.2503994107246399
0.4703672528266907
8.10172176361084
3.787459135055542
0.17057019472122192
5.102042198181152
6.163832664489746
3.35376238822937
0.22161918878555298
1.0091407299041748
6.9094038009643555
3.6747653484344482
-0.11282504349946976
1.2951838970184326
-0.09342750161886215
5.7762556076049805
4.042376518249512
-0.10591220110654831
0.3769548535346985
1.21524977684021
6.236342430114746
1.8394286632537842
3.342695951461792
9.625067710876465
4.5745649337768555
3.31782603263855
1.0918757915496826
6.789504051208496
1.8819739818572998
-0.12432614713907242
0.7109344601631165
3.7278029918670654
0.6833255887031555
1.9032580852508545
1.3386800289154053
13.86868953704834
3.065577268600464
-0.05106308311223984
1.308333158493042
-0.207151859998703
-0.09381125122308731
9.34561824798584
0.8181503415107727
0.6432145237922668
3.1765143871307373
7.684924125671387
15.524275779724121
-0.0012695249170064926
0.043926529586315155
17.418684005737305
0.3472774624824524
0.002250010147690773
0.14917021989822388
0.9849641919136047
0.3473072648048401
2.296849012374878
-0.117453433573246
1.131279706954956
1.7322776317596436
0.9710281491279602
-0.05557633191347122
2.8735129833221436
0.13605815172195435
0.004643255844712257
0.016276651993393898
-0.012617414817214012
-0.1260092854499817
-0.09406930953264236
-0.15665748715400696
1.460080862045288
0.096323661506176
0.13754206895828247
3.905451536178589
0.20133954286575317
1.1865718364715576
5.9094953536987305
8.041254997253418
1.705855131149292
3.239710569381714
-0.1226772740483284
0.4170082211494446
3.70735239982605
-0.09470668435096741
1.0964381694793701
-0.08766452223062515
3.3813846111297607
0.9068105816841125
-0.09534362703561783
9.817770957946777
6.838046073913574
0.09281807392835617
-0.08808494359254837
-0.09597989171743393
-0.03520161658525467
-0.09661570936441422
7.30838680267334
4.479865074157715
3.333176374435425
1.6755950450897217
8.975447654724121
4.7241621017456055
7.013659477233887
-0.10466922074556351
0.46625643968582153
-0.09725124388933182
6.888239860534668
2.3978965282440186
-0.02912384830415249
0.33863240480422974
-0.09788612276315689
0.35456687211990356
0.2042427659034729
0.6839616894721985
2.7045390605926514
-0.11666221171617508
3.8732478618621826
-0.10944212228059769
1.2411401271820068
-0.09915400296449661
9.224860191345215
1.749267339706421
1.3416650295257568
-0.11426670104265213
-0.10519594699144363
6.3451642990112305
-0.09978699684143066
-0.08424568921327591
1.806833028793335
0.8038766980171204
5.796843528747559
0.6976392865180969
0.031670622527599335
4.711913108825684
0.4706314206123352
0.3987739682197571
-0.11710629612207413
0.33889585733413696
-0.10168231278657913
0.22695022821426392
1.4155995845794678
0.9311826825141907
1.4199817180633545
2.916325330734253
-0.046413011848926544
1.6061656475067139
-0.10231325775384903
0.15719157457351685
0.17610055208206177
6.075552940368652
0.4956381916999817
0.05548875778913498
1.9764182567596436
0.739399254322052
1.5905787944793701
0.7412822842597961
0.32473164796829224
0.27660900354385376
0.24946051836013794
0.352053701877594
2.229576826095581
6.569659233093262
0.4408887028694153
1.6621711254119873
0.5563605427742004
4.889761924743652
-0.10357692092657089
-0.1041916087269783
0.6510017514228821
2.510329008102417
0.002446705475449562
2.391615629196167
-0.06166083365678787
7.879935264587402
0.9445236325263977
0.7271936535835266
0.16615420579910278
0.3738406300544739
-0.18944904208183289
-0.10479330271482468
0.761944591999054
-0.10533875972032547
14.544455528259277
12.337584495544434
0.7252691388130188
-0.1179921105504036
1.3098485469818115
1.5593936443328857
2.262781858444214
2.43091082572937
-0.03421521931886673
4.653956413269043
-0.03548974543809891
1.8245742321014404
0.30578309297561646
0.02670484222471714
-0.08335284143686295
-0.1259831190109253
0.056516341865062714
1.0234572887420654
2.307284116744995
-0.018656080588698387
1.925358533859253
0.725781261920929
0.6194666028022766
-0.1180209144949913
2.053093671798706
-0.10642837733030319
0.06792061775922775
-0.07332325726747513
-0.10545957833528519
3.5220439434051514
1.9312350749969482
0.6182606816291809
0.14867526292800903
-0.07032940536737442
-0.12115038186311722
0.48969537019729614
1.864811658859253
-0.02296859584748745
0.4096563458442688
1.5609920024871826
-0.02698499523103237
-0.16056936979293823
1.4593589305877686
-0.11938054114580154
0.20896941423416138
0.057233504951000214
-0.0916796401143074
-0.1477157473564148
-0.08936551958322525
0.6456559300422668
0.172978937625885
-0.10745138674974442
1.173668622970581
0.4279339909553528
0.2035847306251526
1.1060988903045654
2.4581592082977295
0.211320698261261
0.0710480734705925
0.21780997514724731
0.9388969540596008
-0.10846235603094101
10.693373680114746
2.567375898361206
1.2862746715545654
15.805373191833496
2.7424304485321045
0.034708790481090546
2.8106181621551514
2.392866849899292
0.04551868885755539
3.6782290935516357
-0.07571632415056229
42.990814208984375
0.3628707528114319
2.741804838180542
0.280173122882843
-0.10417532175779343
-0.13947927951812744
4.070113182067871
-0.09508184343576431
10.158133506774902
0.1339316964149475
-0.12032674998044968
-0.1036805585026741
4.3032331466674805
1.9350078105926514
0.06092458218336105
0.34768372774124146
-0.19980454444885254
0.24161702394485474
-0.09318608790636063
0.0163229051977396
3.4972846508026123
-0.051581092178821564
0.24428588151931763
-0.043129511177539825
0.3141940236091614
6.0612287521362305
-0.14360308647155762
3.492487668991089
0.2328842282295227
0.8927229046821594
0.051896266639232635
0.4320266842842102
-0.08604366332292557
0.07033484429121017
2.21539568901062
0.6992633938789368
19.695722579956055
1.0853679180145264
-0.09968578070402145
25.546934127807617
2.628247022628784
-0.13155663013458252
-0.1329684853553772
-0.09197542816400528
-0.05718559771776199
1.1396100521087646
0.2928767800331116
0.40160828828811646
0.08717995136976242
0.015537554398179054
-0.03677744418382645
-0.10144544392824173
1.0571315288543701
-0.11319873481988907
-0.03655797988176346
-0.04470676928758621
-0.11879537254571915
2.4023959636688232
0.17759543657302856
-0.11925198882818222
7.812811851501465
-0.04048997908830643
0.6088164448738098
1.2984950542449951
-0.08277112990617752
0.542288601398468
1.2523038387298584
-0.0691947415471077
-0.08500412851572037
0.3701332211494446
0.28580766916275024
0.059313587844371796
5.194151878356934
-0.07227934151887894
-0.11703947931528091
0.5139625668525696
9.293074607849121
-0.07873783260583878
-0.10768789798021317
-0.05519593507051468
4.956751823425293
-0.0491829589009285
-0.000578051432967186
-0.11882693320512772
-0.10339982062578201
0.42311030626296997
1.0855224132537842
0.2907255291938782
2.2529304027557373
2.4436194896698
-0.07417521625757217
0.2580798268318176
-0.02852887474000454
1.191185712814331
3.94250750541687
-0.10600901395082474
-0.0959458127617836
2.3541877269744873
3.721461057662964
1.3994262218475342
-0.13727478682994843
1.3962600231170654
1.8664824962615967
-0.1607934832572937
1.7184722423553467
2.1624438762664795
0.9919717907905579
0.1042669340968132
0.03402166813611984
-0.006745046004652977
0.3468826413154602
0.8666608929634094
34.68780517578125
0.2341821789741516
0.24677616357803345
-0.14127439260482788
2.350548505783081
0.3291948437690735
-0.12112613767385483
-0.06922704726457596
0.24450212717056274
-0.0902891531586647
-0.11295963078737259
-0.07695169001817703
-0.11182869225740433
-0.04832250624895096
-0.1303091049194336
0.5856073498725891
-0.12268400937318802
3.8952929973602295
10.726828575134277
0.07436256855726242
0.5001471638679504
0.9547956585884094
1.9677531719207764
0.6361272931098938
1.593041181564331
0.09716778248548508
-0.05631083995103836
-0.046989209949970245
-0.04642380028963089
-0.04586411267518997
-0.13275675475597382
11.05979061126709
0.22254043817520142
-0.13350939750671387
0.14596515893936157
0.13608437776565552
-0.05504614859819412
0.017168695107102394
0.9778907895088196
6.408064842224121
-0.10842052847146988
-0.09487796574831009
1.0048787593841553
-0.09474635869264603
2.64978289604187
-0.026554888114333153
0.36948806047439575
0.44099265336990356
1.4320323467254639
2.652247190475464
-0.03685576468706131
0.5827329754829407
0.2079518437385559
-0.10793448239564896
0.04884963482618332
1.7549636363983154
-0.0007677730172872543
0.026214057579636574
2.7626254558563232
0.2490556836128235
0.1486535668373108
-0.09331605583429337
-0.026590293273329735
-0.11977317184209824
-0.09516412764787674
-0.08657390624284744
-0.06642169505357742
-0.045443661510944366
0.6198409199714661
0.6010425686836243
-0.09733695536851883
-0.09779179841279984
-0.10490786284208298
