-5.199749946594238
-0.4941633343696594
-0.341696172952652
-0.25675123929977417
-0.303620308637619
-0.3340148329734802
-0.20301899313926697
-0.2834150195121765
-0.23557612299919128
-0.739978015422821
-0.19299274682998657
-0.039569176733493805
-0.043529361486434937
-0.4209291338920593
-0.5006670355796814
-0.04605299234390259
-0.2716023027896881
-0.439444363117218
-0.048136986792087555
-0.47245728969573975
-0.48900163173675537
-0.8205100893974304
-0.32673072814941406
-0.4633346498012543
-0.6193508505821228
-0.9274961352348328
-0.8651134371757507
-0.2037380337715149
-0.4321257770061493
-0.2701196074485779
-0.31099122762680054
-0.3539964556694031
-0.21378068625926971
-0.11032906919717789
-0.07726139575242996
-0.11823970824480057
-0.37997645139694214
-0.05003306269645691
-0.2672712206840515
-0.28948110342025757
-0.5827037692070007
-0.7903192639350891
-0.11102249473333359
-0.051734887063503265
-0.2286069691181183
-0.22007709741592407
-0.19583295285701752
-0.11469525843858719
-0.5810784697532654
-0.15508419275283813
-0.2405070662498474
-0.24601131677627563
-0.11747802048921585
-1.0738914012908936
-0.2777065336704254
-0.23764294385910034
-0.9598686099052429
-0.5636056065559387
2.746180295944214
-0.28448599576950073
-0.18411284685134888
-0.14730297029018402
-0.35956019163131714
-0.16710537672042847
-0.259767085313797
-0.26292258501052856
-0.22182577848434448
-0.9338065981864929
-0.29140323400497437
-0.20889729261398315
-0.12009867280721664
-0.1458580195903778
-0.34141606092453003
-0.33863580226898193
-0.05331115424633026
-0.23109287023544312
-0.1591486930847168
-0.19768407940864563
-0.2829911708831787
-0.20795220136642456
-0.9552996754646301
-0.14277026057243347
-0.5411345362663269
-0.24621212482452393
-0.31263023614883423
-0.27498453855514526
-0.2185821533203125
-0.19838327169418335
-0.4739207625389099
-0.24475809931755066
-0.11539294570684433
-0.2359325885772705
-0.8354951739311218
-0.26660430431365967
-0.895901083946228
-0.2016693651676178
-0.2728816866874695
-0.14500044286251068
-0.6332389712333679
-0.3930720388889313
-0.2729877829551697
-0.7351887822151184
-0.2161158323287964
-0.16626375913619995
-0.3893997073173523
-0.2724089026451111
-0.25579971075057983
186.957763671875
-0.4359676241874695
-0.4642450213432312
-0.1853865385055542
-0.4417368471622467
-0.14763885736465454
-0.5146867632865906
-0.05479622632265091
-0.686364471912384
-0.5725950598716736
-0.1951163411140442
-0.46986693143844604
-0.8558217883110046
-0.041406698524951935
-0.25139158964157104
-0.7492286562919617
-0.2656366229057312
-0.17436598241329193
-0.05801159888505936
-0.24692100286483765
-0.5462562441825867
-0.38077467679977417
-0.2663814425468445
-0.4603584408760071
-0.24153125286102295
-0.3148319125175476
-0.29840487241744995
-0.2742545008659363
-0.3486294150352478
55.878631591796875
-0.5041012167930603
-0.12177558988332748
-0.3251083493232727
-0.3791653513908386
-0.38942211866378784
-0.5490056872367859
-0.3479555547237396
-0.5001164078712463
-0.1161268875002861
-0.15122979879379272
-0.20386138558387756
-0.36694663763046265
-0.4598786234855652
-0.33867841958999634
-0.25398415327072144
-0.2017132043838501
-0.1437104344367981
-0.1195349469780922
-0.1464579552412033
-0.13358920812606812
-0.1424761563539505
-0.41698139905929565
-0.40333831310272217
-0.12582236528396606
-0.3427664637565613
-0.2803681194782257
-0.240381121635437
-0.160132497549057
-0.22913199663162231
-0.17071501910686493
-0.23567146062850952
-0.30540287494659424
-0.4116622805595398
-0.5701839327812195
1.2592380046844482
-0.5759832262992859
-0.21029478311538696
-0.16334837675094604
-0.5257408618927002
-0.2325686812400818
-0.3380671739578247
-0.348266065120697
-0.13786737620830536
-0.798537015914917
-0.3042590022087097
-0.1414746791124344
-0.14547747373580933
-0.629761815071106
-0.35997217893600464
-0.5561200976371765
-0.6158674359321594
-0.6036903262138367
-0.26055073738098145
-0.17238332331180573
-0.16536864638328552
-0.17739538848400116
-0.18350078165531158
-0.7526393532752991
-0.28341561555862427
-0.4269360601902008
-0.5432735085487366
-0.2705649733543396
-0.6169740557670593
-0.7182027697563171
-0.16775371134281158
-0.18186841905117035
-0.7227842211723328
-0.9008055329322815
-0.12038113921880722
-0.18072977662086487
-0.14489802718162537
-0.18049722909927368
-0.056237928569316864
-0.05763278901576996
-0.4202854037284851
-0.26103466749191284
-0.5615217089653015
-0.5631703734397888
-0.05898558348417282
-0.1224450096487999
-0.2768152356147766
-0.2835215628147125
-0.1991468220949173
-0.17394384741783142
-0.18843597173690796
-0.22936350107192993
-0.34738272428512573
-0.40893858671188354
-0.3166927993297577
-0.4666453003883362
-0.4491193890571594
-0.1655057817697525
-0.20407502353191376
-0.26325783133506775
-0.36937040090560913
-0.3556944727897644
-0.11627911776304245
-0.14061632752418518
-0.17291735112667084
-0.5279189944267273
-0.24701133370399475
-0.34056586027145386
-0.741738498210907
-0.16135475039482117
-0.12019828706979752
-1.0057967901229858
-0.26471251249313354
-0.11735145002603531
-0.19163934886455536
-0.18492144346237183
-0.15581637620925903
-0.3197633624076843
-0.9110178351402283
-0.16413992643356323
-0.4252767860889435
-0.8284541964530945
-0.1465884894132614
-0.6629034876823425
-0.12078175693750381
-0.11771637946367264
-0.32741016149520874
-0.2989082932472229
-0.2365538477897644
-0.24303388595581055
-0.5141231417655945
-0.17406228184700012
-0.23845213651657104
-0.186068594455719
-0.3698107600212097
-0.705108106136322
-0.12541303038597107
-0.2309156060218811
-0.22712145745754242
-0.16059233248233795
-0.9408275485038757
-0.7033998370170593
-0.2837332487106323
-0.26344698667526245
-0.3044714331626892
-0.2742416262626648
-0.8396655917167664
-0.31311455368995667
-0.1256101429462433
-0.5582372546195984
-0.4788806438446045
-0.11867969483137131
-0.18981418013572693
-0.5024921894073486
-0.49115294218063354
-0.12074654549360275
-0.060262322425842285
-0.15845887362957
-0.17815856635570526
-0.22869080305099487
-0.5438887476921082
-0.06145936995744705
-0.1493154764175415
-0.15599684417247772
-0.22048646211624146
-0.2385575771331787
-0.3364374041557312
-0.20915073156356812
-0.7869792580604553
-0.2771952748298645
-0.16363704204559326
-0.8591049313545227
-0.31837528944015503
-0.6425716280937195
-0.12759174406528473
-0.2838389277458191
-0.17673294246196747
-0.28732842206954956
-0.34955134987831116
-0.4029979407787323
-0.20484137535095215
-0.8299331068992615
-0.4788629412651062
-0.27077943086624146
-0.7501460909843445
-0.13340599834918976
-0.2582622766494751
-0.25066500902175903
-0.24571263790130615
-0.8146131634712219
-0.15322569012641907
-0.9128581881523132
-0.5045310854911804
-0.3011590838432312
-0.505750834941864
-0.642061173915863
-0.16767257452011108
-0.28394460678100586
-0.694657027721405
-0.6338054537773132
-0.33325308561325073
-0.563511073589325
-0.2755367159843445
-0.3739134669303894
-0.06261156499385834
-0.1667928248643875
-0.2925649881362915
-0.18370217084884644
-0.37688130140304565
-0.23851901292800903
-0.2129325270652771
-0.4449283480644226
-0.5983242392539978
-0.19982260465621948
-0.25658267736434937
-1.1176236867904663
-0.24456176161766052
3.886854887008667
2.3692996501922607
12.349913597106934
24.051084518432617
354.5521240234375
-0.005309050902724266
0.03604035824537277
0.0348244234919548
0.03661041706800461
0.3971622586250305
0.03162138909101486
11.177474021911621
10.202872276306152
10.325690269470215
9.892424583435059
0.4487960934638977
4.690028190612793
9.970686912536621
21.373044967651367
15.663466453552246
11.423689842224121
32.29229736328125
8.468939781188965
6.815253257751465
12.075484275817871
8.563315391540527
5.049258232116699
3.366957426071167
10.863799095153809
1.2309167385101318
15.006133079528809
7.961760520935059
0.5729444622993469
7.954665184020996
19.061017990112305
32.16954040527344
5.330695152282715
0.3934534192085266
0.9058006405830383
-0.1919071078300476
9.468131065368652
-0.008052056655287743
0.38961631059646606
1.752201795578003
56.145172119140625
4.0166425704956055
0.15568619966506958
0.7481325268745422
0.5502565503120422
0.018655890598893166
0.8580644726753235
7.959311485290527
1.162994146347046
2.62903094291687
113.606689453125
9.691939353942871
0.023823672905564308
5.083926200866699
3.917282819747925
82.94024658203125
10.990523338317871
0.6620953679084778
1.1025874614715576
122.90679931640625
10.144171714782715
53.0224609375
0.588853657245636
0.5154874920845032
3.317396879196167
0.7484510540962219
37.72747802734375
3.631647825241089
75.65118408203125
0.8382185101509094
4.6568708419799805
0.6443784832954407
0.16427117586135864
0.5214670300483704
1.0818078517913818
7.417349815368652
8.814436912536621
0.8433788418769836
1.4809176921844482
0.5262516140937805
127.642578125
97.33697509765625
2.4780375957489014
0.9150837063789368
0.5673378109931946
1.5242164134979248
76.8548583984375
80.53094482421875
8.996825218200684
0.7373149991035461
0.7189615368843079
11.991805076599121
0.15484601259231567
24.951353073120117
76.50091552734375
1.01218581199646
2.0384891033172607
-0.007077401503920555
1.268986463546753
1.3004109859466553
94.6104736328125
73.95703125
8.131674766540527
4.569869041442871
0.3924110531806946
4.332503318786621
9.675765037536621
1.6560637950897217
0.8010318875312805
10.636977195739746
3.0292460918426514
0.6249054074287415
86.14208984375
0.7318843007087708
98.22705078125
9.213912010192871
49.4036865234375
41.7252197265625
7.793051719665527
0.6062319874763489
0.8093536496162415
0.6077664494514465
8.690672874450684
6.786219596862793
0.6785762906074524
3.262505292892456
0.0986507460474968
122.54522705078125
4.853884696960449
33.3260498046875
0.4529159665107727
66.75146484375
2.1100966930389404
65.30499267578125
0.7475031018257141
6.271498680114746
0.49749261140823364
67.82537841796875
97.54547119140625
0.9633930325508118
109.81756591796875
2.6235873699188232
0.6407192349433899
10.055617332458496
0.8829963803291321
1.042179822921753
4.765139579772949
1.4274165630340576
14.774855613708496
7.014552116394043
0.7144878506660461
117.46807861328125
8.822699546813965
10.594809532165527
9.997946739196777
11.561232566833496
0.8520873188972473
0.9019258618354797
63.607391357421875
4.654967308044434
59.66229248046875
0.3997836709022522
54.38592529296875
43.787628173828125
0.8532302975654602
0.44716817140579224
11.883856773376465
0.36177998781204224
0.3824813961982727
1.1170527935028076
11.023459434509277
1.4914138317108154
0.7088831067085266
14.975470542907715
44.03302001953125
0.448202908039093
1.2703816890716553
0.7360666394233704
5.312102317810059
0.6717756390571594
0.4049084782600403
47.5394287109375
75.63385009765625
55.9434814453125
0.6342237591743469
3.135859251022339
1.8003184795379639
0.6743119359016418
32.90226745605469
1.5585076808929443
39.137176513671875
0.6677597165107727
0.8693750500679016
131.0628662109375
11.233931541442871
0.5824173092842102
1.502384901046753
10.702628135681152
0.46537095308303833
0.2561114430427551
10.035819053649902
13.763976097106934
30.935285568237305
9.643065452575684
1.7737185955047607
0.4008408188819885
0.6826484799385071
1.1035993099212646
40.609588623046875
51.2275390625
117.02618408203125
1.7094790935516357
145.949951171875
103.90777587890625
6.52158260345459
5.104605674743652
10.582175254821777
80.3543701171875
4.54434871673584
-0.36659353971481323
138.07843017578125
0.6039889454841614
0.7499454617500305
0.9098747372627258
0.7383087277412415
10.963866233825684
33.913330078125
0.9753063321113586
0.69414883852005
3.4498279094696045
0.028818422928452492
-0.26016348600387573
0.21147996187210083
8.300002098083496
11.347212791442871
99.42822265625
8.086989402770996
0.8341806530952454
17.03785514831543
0.5007441639900208
1.1339633464813232
112.5465087890625
7.476164817810059
0.982800304889679
38.54632568359375
0.7127817273139954
36.03076171875
3.699305295944214
4.935992240905762
6.889243125915527
17.19171714782715
99.60516357421875
-0.2291538119316101
0.03366094082593918
9.575324058532715
1.2269885540008545
5.677557945251465
41.76470947265625
88.6800537109375
95.49151611328125
153.7032470703125
0.8775575757026672
77.8717041015625
10.653861045837402
48.11376953125
0.6615856289863586
114.2322998046875
1.3704087734222412
0.8079221844673157
51.428985595703125
-0.22706717252731323
-0.021461671218276024
0.7444255948066711
1.0533168315887451
0.8899124264717102
0.8517025113105774
2.8460605144500732
2.947432279586792
0.1497533917427063
0.038360051810741425
115.07672119140625
0.6768744587898254
12.056700706481934
84.4873046875
0.8384016156196594
1.0260541439056396
2.7286365032196045
108.9930419921875
0.7116850018501282
7.666098594665527
77.3162841796875
0.5730255246162415
12.645812034606934
3.6071879863739014
59.531768798828125
1.0160529613494873
0.9433134198188782
81.11865234375
17.61702537536621
2.1946017742156982
7.680266380310059
1.7650420665740967
0.6196253895759583
0.8717029690742493
3.591395139694214
2.954951047897339
95.1221923828125
74.30413818359375
0.3225162625312805
95.45208740234375
0.31277328729629517
0.726889431476593
0.705104649066925
5.680331230163574
33.22386169433594
75.7623291015625
49.414825439453125
2.469202756881714
125.71368408203125
128.48333740234375
0.4261196255683899
0.931967556476593
1.3055331707000732
1.0422484874725342
8.20859432220459
86.541015625
17.594831466674805
0.6555984616279602
0.4982369542121887
33.16156005859375
12.074896812438965
1.3372180461883545
72.7244873046875
163.61083984375
0.5215199589729309
41.13128662109375
0.7313926815986633
0.5720570683479309
18.240705490112305
72.68780517578125
0.04292958229780197
52.812957763671875
0.4063306450843811
54.16973876953125
2.814783811569214
137.9405517578125
0.4971054196357727
1.0105502605438232
80.291015625
6.445708274841309
-0.0843784287571907
6.328124046325684
0.7266681790351868
40.828582763671875
2.8733489513397217
9.086089134216309
104.67669677734375
2.7518413066864014
0.26726633310317993
1.5571105480194092
1.6406714916229248
14.377364158630371
0.8136222958564758
8.048781394958496
102.06939697265625
12.661620140075684
-0.02860850654542446
0.2705417275428772
0.5320842862129211
17.98689079284668
0.7003677487373352
12.38400936126709
107.242919921875
3.425257444381714
0.6730998158454895
2.283930540084839
72.18060302734375
87.9261474609375
1.060173749923706
7.259337425231934
2.151514768600464
2.2915332317352295
0.6963747143745422
0.7958486676216125
107.0518798828125
0.5014408230781555
0.39903169870376587
0.4048007130622864
0.6035507321357727
99.89556884765625
100.3271484375
9.962981224060059
3.1036059856414795
0.8486126065254211
1.4466140270233154
9.948004722595215
0.47437888383865356
1.1383693218231201
0.5597246289253235
14.44626522064209
1.436995267868042
104.13067626953125
0.9540031552314758
102.01666259765625
0.27019697427749634
74.5406494140625
62.875213623046875
8.705672264099121
0.7154224514961243
1.5889079570770264
0.42144066095352173
19.265424728393555
19.875791549682617
8.315566062927246
50.727569580078125
6.740080833435059
10.42429256439209
4.2082014083862305
11.09293270111084
36.571380615234375
4.606188774108887
59.238555908203125
70.46755981445312
74.6915283203125
62.2088623046875
97.94891357421875
10.698416709899902
39.54779052734375
2.446406126022339
0.5425007939338684
1.5190227031707764
0.5958908200263977
13.48453426361084
1.4469935894012451
4.177886009216309
0.62922602891922
95.97900390625
8.221945762634277
0.5586326718330383
75.461181640625
1.3821227550506592
-0.162794291973114
0.8608139157295227
7.620291709899902
1.4119651317596436
1.1918761730194092
58.883575439453125
5.066046714782715
0.486136257648468
8.024069786071777
5.2931623458862305
0.8258903622627258
4.57663631439209
0.03890209645032883
6.025816917419434
4.729273796081543
14.097060203552246
56.419952392578125
6.9574079513549805
0.2940595746040344
0.2712932229042053
16.84791374206543
0.2643755078315735
100.28662109375
97.4083251953125
114.32965087890625
3.5426700115203857
-0.1604415774345398
65.91033935546875
111.24749755859375
41.058685302734375
2.853121519088745
2.006941556930542
81.00177001953125
44.237213134765625
102.531982421875
0.9074180722236633
2.934656858444214
67.61044311523438
15.482802391052246
0.7845776677131653
13.790656089782715
0.6270168423652649
4.0750532150268555
5.835402488708496
58.488494873046875
169.38671875
0.4047897458076477
0.5493472218513489
1.3458449840545654
0.4839027523994446
3.748732328414917
7.643279075622559
54.141326904296875
-0.34386175870895386
102.5699462890625
0.4126742482185364
0.28687840700149536
1.2006251811981201
30.693586349487305
3.3758113384246826
128.52667236328125
0.7402570843696594
20.558332443237305
88.0594482421875
0.7519615292549133
0.5439355969429016
10.125502586364746
5.718466758728027
53.909393310546875
140.9984130859375
142.42523193359375
-0.12314910441637039
10.295317649841309
69.09429931640625
6.019892692565918
6.982039451599121
0.5015118718147278
0.7746961712837219
1.1325223445892334
0.04738002270460129
0.6989873051643372
59.9710693359375
33.02510070800781
149.0078125
135.3050537109375
8.084837913513184
31.49995231628418
0.2745886445045471
0.28379231691360474
7.965765953063965
2.8479316234588623
27.235105514526367
142.5263671875
2.850367307662964
6.328577995300293
58.295867919921875
0.7203982472419739
10.077322959899902
14.454176902770996
4.871527671813965
19.468061447143555
2.91900897026062
72.57806396484375
0.17197591066360474
2.8339602947235107
1.4718616008758545
10.584990501403809
1.5342967510223389
0.8761566281318665
89.70379638671875
1.367023229598999
2.729384183883667
1.6255748271942139
114.03436279296875
0.04265671223402023
3.016817808151245
12.216185569763184
0.8266714215278625
2.411288022994995
11.780669212341309
7.575339317321777
0.7298439145088196
5.655783653259277
0.2752907872200012
163.6600341796875
9.774725914001465
0.04795532673597336
1.9069793224334717
21.302305221557617
4.856204032897949
33.59941101074219
6.7258100509643555
16.871496200561523
5.188834190368652
1.8446662425994873
1.098259687423706
0.572930634021759
3.8873775005340576
0.6326749920845032
3.3860538005828857
104.492431640625
10.098631858825684
66.33209228515625
1.6046779155731201
5.972151756286621
-0.2017185091972351
2.0084140300750732
8.713553428649902
0.8525765538215637
101.9273681640625
49.32806396484375
12.773245811462402
16.15882682800293
23.030302047729492
0.7909706234931946
13.876921653747559
5.087798118591309
2.2433478832244873
73.29437255859375
0.05171804875135422
96.06512451171875
-0.08413619548082352
0.8995731472969055
44.456817626953125
130.83099365234375
0.7693126797676086
7.427382469177246
0.47170621156692505
13.67349910736084
0.5285938382148743
0.6633327603340149
0.5061424374580383
14.655272483825684
58.696929931640625
1.8338515758514404
0.8686588406562805
67.5029296875
11.910574913024902
28.635602951049805
0.5382073521614075
12.010321617126465
102.7825927734375
3.230391263961792
1.545379400253296
106.30047607421875
2.0031707286834717
0.07004814594984055
-0.019881432875990868
10.360091209411621
1.1022212505340576
7.4195356369018555
1.3890950679779053
0.7671297192573547
1.3647105693817139
5.515250205993652
9.951598167419434
3.3570659160614014
1.6259868144989014
0.35943490266799927
1.1121041774749756
1.0921428203582764
5.975825309753418
104.4395751953125
0.502068817615509
-0.16291159391403198
4.3314619064331055
25.954801559448242
4.393282890319824
11.325560569763184
136.59234619140625
23.078962326049805
1.6549975872039795
11.013350486755371
92.37615966796875
0.662121593952179
124.6484375
39.3731689453125
29.805997848510742
2.758143186569214
2.0363967418670654
1.9467494487762451
43.89007568359375
2.652643918991089
93.89678955078125
1.5988223552703857
26.248441696166992
-0.04608840495347977
2.5195186138153076
42.363922119140625
4.139830589294434
2.566929578781128
53.16546630859375
65.56466674804688
33.07981872558594
0.9398697018623352
39.951568603515625
3.597254514694214
2.507550001144409
3.360255002975464
0.3999386429786682
102.54058837890625
-0.1750747561454773
1.7296626567840576
7.444655418395996
132.3341064453125
0.5941203236579895
8.790060997009277
126.598388671875
-0.287550151348114
15.497313499450684
114.17279052734375
0.27520543336868286
146.1849365234375
0.05595474690198898
3.338118314743042
2.110527753829956
89.37359619140625
1.9023406505584717
4.055209159851074
1.1207950115203857
-0.3024255633354187
-0.02501029334962368
3.428095579147339
89.64666748046875
37.954345703125
25.514936447143555
15.087203025817871
5.650038719177246
2.2942378520965576
11.43564510345459
104.20562744140625
6.831072807312012
0.5248592495918274
63.8367919921875
0.060094885528087616
6.407706260681152
15.079771995544434
155.0093994140625
2.326594114303589
0.41553765535354614
10.71848201751709
0.09328918904066086
160.189697265625
58.766571044921875
13.999526023864746
4.55722713470459
-0.2600042223930359
3.847569227218628
9.159369468688965
13.638884544372559
92.00372314453125
103.6912841796875
1.1666314601898193
88.8388671875
-0.12628287076950073
0.9994056820869446
123.7122802734375
105.97882080078125
68.99691772460938
3.6176936626434326
0.5700872540473938
96.239501953125
65.09860229492188
137.076416015625
13.148161888122559
144.7569580078125
142.28802490234375
52.636749267578125
0.08071117848157883
5.309927940368652
94.9190673828125
10.013014793395996
86.5096435546875
82.38671875
149.4599609375
134.97515869140625
82.779541015625
0.8606975674629211
1.961064100265503
8.153273582458496
0.41435033082962036
13.371779441833496
0.3671110272407532
2.748011350631714
1.461155652999878
63.81512451171875
1.2176215648651123
1.0482566356658936
6.150786399841309
13.81601619720459
68.17715454101562
6.710047721862793
54.10174560546875
0.6789892315864563
0.8978660702705383
1.3320300579071045
85.453857421875
43.575653076171875
4.924273490905762
4.165518760681152
9.063826560974121
0.11180668324232101
5.109908103942871
1.5496528148651123
1.3791873455047607
60.17535400390625
57.802276611328125
1.0482985973358154
9.522467613220215
1.014347791671753
0.565329372882843
4.2808027267456055
62.376068115234375
2.976383924484253
12.690237998962402
120.68817138671875
171.602783203125
0.6466014981269836
99.95147705078125
1.9320380687713623
0.8823249936103821
100.7635498046875
111.05584716796875
1.842864751815796
1.5083320140838623
1.1810824871063232
4.8042402267456055
4.69785213470459
86.94097900390625
0.4321802258491516
4.2013959884643555
3.7100894451141357
3.9967563152313232
12.109801292419434
1.1092021465301514
7.755293846130371
95.75775146484375
73.34478759765625
1.785057783126831
-0.36140936613082886
54.823944091796875
99.3990478515625
0.3105021119117737
11.002776145935059
5.617789268493652
0.41406184434890747
2.8643977642059326
2.3203704357147217
1.2549045085906982
1.756178617477417
0.7118890881538391
2.339106321334839
8.191569328308105
0.6062954068183899
11.781210899353027
2.2150752544403076
2.7921016216278076
-0.07646865397691727
7.329825401306152
144.806884765625
0.5693424344062805
1.0927608013153076
5.739108085632324
0.7935402989387512
83.3416748046875
0.4891408085823059
149.5672607421875
12.666068077087402
11.197134971618652
111.31439208984375
91.90191650390625
0.2552202343940735
9.018462181091309
97.619384765625
30.936826705932617
39.03656005859375
34.811431884765625
1.5760371685028076
1.9351470470428467
4.067805290222168
5.567961692810059
9.961577415466309
159.870361328125
0.9744957089424133
7.273543357849121
-0.15326231718063354
37.535919189453125
90.42620849609375
126.6766357421875
64.334228515625
2.0748469829559326
1.160771131515503
4.303603172302246
82.44989013671875
12.088034629821777
0.723898708820343
3.901636838912964
1.5806605815887451
156.6204833984375
0.24653702974319458
0.8068369030952454
0.9181421399116516
103.55450439453125
7.484854698181152
92.92559814453125
66.40960693359375
36.3956298828125
0.3313501477241516
0.7743995785713196
107.93524169921875
2.019991636276245
0.5649307370185852
0.44338589906692505
92.77923583984375
0.5358656048774719
2.7406527996063232
4.922850608825684
40.723419189453125
2.888991117477417
4.199847221374512
148.1300048828125
10.83829402923584
1.0400493144989014
10.164259910583496
45.374847412109375
1.8543612957000732
19.737577438354492
2.5888335704803467
0.5670812726020813
0.8186972737312317
4.135970115661621
3.2228171825408936
5.235243797302246
1.8198764324188232
47.70147705078125
10.916655540466309
0.44927483797073364
1.5683009624481201
14.565917015075684
-0.006947701796889305
0.7288139462471008
82.240234375
5.862387657165527
104.1201171875
0.5731318593025208
118.767578125
4.690047264099121
68.76205444335938
57.447509765625
1.1782910823822021
-0.19101256132125854
122.73089599609375
174.40673828125
2.0011203289031982
0.5833662152290344
0.02252083458006382
151.6649169921875
5.384093284606934
-0.12483806163072586
4.988692283630371
1.655571699142456
85.0289306640625
82.16693115234375
46.3673095703125
8.612326622009277
110.9862060546875
1.0992743968963623
1.0072124004364014
108.48199462890625
1.5505740642547607
5.324175834655762
65.39984130859375
9.057181358337402
19.06452751159668
0.623944103717804
109.49163818359375
9.441863059997559
-0.08258552104234695
83.22674560546875
147.6517333984375
7.518996238708496
0.9600351452827454
2.7238662242889404
0.04953461140394211
27.983625411987305
152.8233642578125
0.06414549797773361
135.95843505859375
11.471335411071777
-0.33586615324020386
0.6035740971565247
129.376708984375
0.7429044842720032
9.057662010192871
94.31292724609375
26.12135124206543
6.552824974060059
65.89724731445312
14.875899314880371
0.43352586030960083
6.352908134460449
103.71246337890625
3.4638049602508545
20.10584831237793
3.2035300731658936
1.507169485092163
0.2864413857460022
0.7320869565010071
0.6948845982551575
12.639151573181152
3.7981479167938232
9.118025779724121
3.516087293624878
65.5714111328125
9.350852012634277
19.678037643432617
78.0147705078125
0.7123883366584778
-0.1735479235649109
94.10186767578125
91.6048583984375
1.0097472667694092
2.760979413986206
12.200499534606934
8.936156272888184
8.934988975524902
5.973616600036621
5.172049522399902
1.5906131267547607
46.84161376953125
3.0203349590301514
126.2618408203125
-0.1212589219212532
10.227110862731934
4.939875602722168
3.3463332653045654
6.362326622009277
7.781939506530762
84.89642333984375
2.1522796154022217
179.9755859375
0.7618387341499329
0.6646102070808411
55.429107666015625
0.5840709805488586
13.752974510192871
10.118727684020996
-0.24465292692184448
0.7088163495063782
4.460204124450684
74.12542724609375
13.839461326599121
12.29563045501709
1.4833505153656006
105.10986328125
7.474432945251465
0.9202945828437805
1.4120757579803467
1.569767713546753
6.479559898376465
0.652548611164093
12.806334495544434
0.4196804165840149
8.042693138122559
75.646728515625
67.67181396484375
43.194793701171875
94.24346923828125
4.63138484954834
61.268310546875
7.715262413024902
8.269438743591309
5.031886100769043
3.9660708904266357
4.918814659118652
3.8912837505340576
4.994475364685059
4.792227745056152
117.1629638671875
5.559271812438965
5.029559135437012
5.064581871032715
4.356146812438965
93.88739013671875
63.49896240234375
76.208984375
64.71905517578125
97.916259765625
88.803466796875
84.00042724609375
79.19097900390625
104.34112548828125
83.75079345703125
105.142333984375
9.718558311462402
75.85015869140625
72.24139404296875
56.944091796875
80.7579345703125
59.53704833984375
89.32122802734375
58.810821533203125
94.7841796875
4.2784528732299805
5.055464744567871
71.51715087890625
77.11590576171875
88.2852783203125
96.0855712890625
82.00762939453125
101.419189453125
59.539306640625
75.54913330078125
85.6864013671875
4.015341758728027
75.928955078125
68.21524047851562
55.00274658203125
43.432159423828125
49.129913330078125
66.48971557617188
87.20843505859375
96.897705078125
4.117262840270996
84.51556396484375
93.8123779296875
80.51800537109375
81.74981689453125
73.7181396484375
96.9898681640625
3.35504412651062
4.80435848236084
4.76236629486084
105.53082275390625
74.15802001953125
37.621337890625
64.63079833984375
45.69122314453125
4.675829887390137
71.98760986328125
63.072723388671875
5.420470237731934
81.29974365234375
84.48919677734375
88.405029296875
46.530364990234375
64.24075317382812
79.68731689453125
3.3683459758758545
55.882476806640625
20.781919479370117
68.25634765625
90.30133056640625
88.46337890625
15.596693992614746
70.267578125
5.277403831481934
294.1326904296875
36.05218505859375
12.600798606872559
4.486956596374512
50.936920166015625
102.351806640625
69.56353759765625
84.762451171875
8.167498588562012
3.737623929977417
5.374197959899902
70.045166015625
3.896101713180542
79.27490234375
49.60076904296875
4.3429670333862305
-0.00027543865144252777
0.00023561157286167145
-0.022131627425551414
-0.13419660925865173
0.016115719452500343
-0.13979563117027283
-0.1964499056339264
-0.17016083002090454
-0.18304336071014404
-0.18308421969413757
-0.15485107898712158
-0.1831253468990326
-0.19294479489326477
-0.12971538305282593
-0.03617686778306961
0.9689586758613586
-0.20213335752487183
0.1662185788154602
-0.11547958105802536
-0.3203055262565613
-0.11428148299455643
-0.2312423586845398
2.4706180095672607
-0.1959945559501648
0.10316925495862961
0.031827740371227264
1.025242567062378
2.248844861984253
-0.3487069010734558
5.848250389099121
-0.07006639987230301
-0.21609395742416382
7.50559139251709
6.433798789978027
0.7149589657783508
-0.1110694482922554
6.753737449645996
-0.11458200961351395
-0.2853502035140991
-0.2547256350517273
-0.18063753843307495
-0.10350621491670609
-0.1266733705997467
0.5332954525947571
-0.11718695610761642
3.371962308883667
3.517012357711792
0.10935526341199875
6.492499351501465
4.1791791915893555
2.7431132793426514
5.629118919372559
-0.2596837878227234
0.47562676668167114
1.7864043712615967
7.18625545501709
-0.11102979630231857
4.619898796081543
-0.08131665736436844
3.670771360397339
0.07882338017225266
-0.11875126510858536
-0.2043120265007019
4.691218376159668
2.2809226512908936
-0.004386609420180321
-0.11612079292535782
6.60941219329834
0.48547059297561646
0.5442693829536438
1.212303876876831
6.972800254821777
0.626944363117218
3.755690336227417
0.42905980348587036
-0.08562202006578445
5.111052513122559
-0.3731306195259094
0.6051786541938782
0.3416202664375305
-0.21210956573486328
3.698755979537964
6.950560569763184
4.271868705749512
-0.17990237474441528
2.7467143535614014
-0.15332955121994019
6.509490013122559
-0.17453283071517944
6.530386924743652
3.1203601360321045
0.4387863278388977
0.3759954571723938
-0.11234978586435318
3.3628642559051514
0.5525920987129211
1.5220973491668701
-0.1141524687409401
-0.09704277664422989
-0.09697312861680984
0.10852508991956711
1.7082469463348389
2.027052640914917
-0.13006940484046936
-0.11938928812742233
-0.059567637741565704
4.844916343688965
-0.39952462911605835
0.6380966305732727
-0.2010013461112976
4.093020439147949
5.517352104187012
0.4309614300727844
1.5617129802703857
6.515036582946777
-0.19545960426330566
-0.1295800358057022
-0.11232254654169083
-0.21976250410079956
-0.23361128568649292
2.760920286178589
-0.05120868235826492
1.9590575695037842
-0.2312571406364441
-0.19790416955947876
-0.10860616713762283
2.776228666305542
-0.11838681250810623
-0.14724081754684448
3.735445737838745
-0.12042612582445145
-0.3398260474205017
3.0767276287078857
2.3054111003875732
-0.24086779356002808
0.06291227787733078
0.1547272801399231
7.326933860778809
4.3087263107299805
1.6993911266326904
0.9325531125068665
4.009585380554199
6.738600730895996
-0.09421975165605545
-0.1226554736495018
5.924010276794434
0.2481287121772766
5.157954216003418
-0.04166335612535477
-0.2735596299171448
6.928465843200684
5.76621150970459
0.41523152589797974
-0.3728700280189514
0.02451496757566929
2.575810194015503
1.9374549388885498
8.070006370544434
6.438536643981934
5.948271751403809
-0.36485618352890015
-0.32597893476486206
-0.014387315139174461
4.874594688415527
0.6508329510688782
-0.2226741909980774
3.14361834526062
7.646483421325684
6.744414329528809
5.373099327087402
-0.03508920222520828
-0.1552918553352356
-0.1345922350883484
-0.398298442363739
-0.18031740188598633
-0.10598845034837723
-0.12060458213090897
0.24355441331863403
0.8327892422676086
4.155177116394043
-0.13887566328048706
0.10565715283155441
-0.07566995173692703
5.530150413513184
-0.21932953596115112
6.352873802185059
3.3481013774871826
0.14117413759231567
-0.1850711703300476
1.0127170085906982
-0.11402641981840134
-0.370962917804718
-0.12672105431556702
5.577879905700684
-0.36446160078048706
0.29273873567581177
2.849898099899292
1.0992763042449951
0.5047920346260071
9.23569393157959
2.189539670944214
7.910819053649902
-0.14421579241752625
1.339186429977417
5.310614585876465
-0.24344271421432495
0.35420018434524536
1.0106914043426514
-0.09910721331834793
-0.12961621582508087
5.426314353942871
-0.020483678206801414
4.131884574890137
3.7540462017059326
1.9906833171844482
0.3661234974861145
-0.3465823531150818
3.0403125286102295
0.13277894258499146
-0.10279387980699539
3.583266019821167
0.5722358822822571
-0.665791928768158
-0.06202549487352371
0.12348490208387375
-0.006080335006117821
-0.005903309211134911
1.4651858806610107
-0.27994126081466675
-0.2051791548728943
-0.810464084148407
-0.39731234312057495
-0.006537025794386864
-0.4376952052116394
-1.2017924785614014
-0.38739708065986633
-0.4819273352622986
-0.8700464963912964
-0.9669031500816345
-1.3614940643310547
-0.11725134402513504
-0.8228490948677063
-1.0149989128112793
-0.23637980222702026
-0.11774101108312607
-0.4506617784500122
-0.6454693675041199
-1.4653794765472412
-0.09010607749223709
-0.7214599251747131
-0.7270700335502625
-0.5463444590568542
-0.9125719666481018
-0.9581706523895264
-0.11764547973871231
-0.6035764217376709
-0.6198816895484924
-0.11755196005105972
-0.11746040731668472
-0.543104350566864
-0.4796826243400574
-0.11737077683210373
-0.955930769443512
-0.5241491794586182
-0.7758063673973083
-0.702397882938385
-0.8791640400886536
-0.2096327692270279
-0.39034807682037354
-0.5628593564033508
-0.11728302389383316
-0.7521170973777771
-0.4461401700973511
-0.9677584767341614
-0.39368680119514465
-0.27596592903137207
-0.8591657876968384
-0.47272589802742004
-0.6940843462944031
-0.8116335272789001
-0.11719686537981033
0.05378466099500656
-0.9151741862297058
-0.11723431199789047
-0.959017813205719
-0.5866658091545105
-0.6857882738113403
-0.12413511425256729
-0.8562760949134827
-0.7443973422050476
-0.886668860912323
-0.1557772159576416
-0.18071749806404114
-0.9681865572929382
-0.9684000015258789
-0.13384699821472168
-0.95965176820755
-0.9669377207756042
-0.2069951891899109
-0.5518215894699097
-0.6659565567970276
-0.07145244628190994
-0.11714278906583786
-0.9207163453102112
0.09704738110303879
-0.25545966625213623
-0.11709312349557877
-0.9116719961166382
-0.7041242718696594
-0.13179868459701538
-0.9047161340713501
-0.33752429485321045
-0.7208483815193176
-0.5361546277999878
0.4070437550544739
-14.997075080871582
-0.2781071066856384
-0.2568165063858032
-0.21220439672470093
-0.3263269066810608
-0.19129103422164917
-1.4225969314575195
-0.19485428929328918
-0.16430319845676422
-0.31458744406700134
-4.198843955993652
-0.5567485690116882
-0.762316882610321
-0.26336705684661865
-0.2168324589729309
-0.21542878448963165
-0.06302136182785034
-0.2676237225532532
-0.837329089641571
-0.660352885723114
-0.48289746046066284
-0.9078056216239929
-1.5960562229156494
-0.11745419353246689
-0.20657852292060852
-0.3751949667930603
-0.2605786919593811
-0.9065367579460144
-0.2135867476463318
-1.2391951084136963
-0.29109257459640503
-0.31935635209083557
-0.5303112864494324
-0.32477205991744995
-0.2048841118812561
-0.3703462481498718
-0.40252360701560974
-1.2697069644927979
-0.4284623861312866
-0.21927684545516968
-0.36746516823768616
-0.1570737063884735
-0.5825321078300476
-1.109539270401001
-0.43247824907302856
-0.18726162612438202
-0.29321593046188354
-0.26121777296066284
-0.7679569125175476
-0.2674095630645752
-0.5180942416191101
-0.43071240186691284
-0.7708446383476257
-0.4348118007183075
-0.448883056640625
-0.3808128237724304
-0.4154323935508728
-0.2576037049293518
-0.43165892362594604
-0.19530479609966278
-0.4206146001815796
-0.28293389081954956
-0.4506046175956726
-0.5657407641410828
-0.2539996802806854
-0.34955447912216187
-0.35555630922317505
-0.14758950471878052
-0.1458972543478012
-0.9695608019828796
-0.30941885709762573
-1.1503880023956299
-0.4829776883125305
-0.11257592588663101
-0.14247672259807587
-0.2538209557533264
-0.5541679263114929
-0.35258376598358154
-0.5281698107719421
-0.4652542471885681
-0.22586554288864136
-0.17181093990802765
-0.5080800652503967
-0.23219221830368042
-0.4528443217277527
-0.20448940992355347
-0.25428158044815063
-0.42506635189056396
-0.5683864951133728
-0.34672266244888306
-0.5215141177177429
-0.26220402121543884
-0.43913376331329346
-0.36837655305862427
-0.6481449007987976
-0.4626445770263672
-0.34678930044174194
-0.5410205721855164
-0.6452943682670593
-0.11306995898485184
-0.27134841680526733
-0.36160892248153687
-0.30626028776168823
-0.38980287313461304
-0.5823094248771667
-0.9082023501396179
-0.40343013405799866
-0.5138128399848938
-0.6443297266960144
-0.16345800459384918
-0.29300209879875183
-0.6997994780540466
-0.1704728901386261
-0.4102804660797119
-0.1730157434940338
-0.24010920524597168
-0.43983811140060425
-0.5906535983085632
-0.28427189588546753
-0.37689143419265747
-0.2621525824069977
-0.7313660979270935
-0.23217257857322693
-0.3061354160308838
-0.5882775187492371
-0.06345923990011215
-0.19624735414981842
-0.5723972916603088
-0.5734327435493469
-1.1505062580108643
-0.4512850046157837
-0.42115992307662964
-0.30854278802871704
-0.49293404817581177
-0.5061494708061218
-0.28536295890808105
-0.1975492238998413
-0.3020481467247009
-0.44719141721725464
-0.6002170443534851
-0.3143710494041443
-0.47673600912094116
-0.45727619528770447
-0.6720406413078308
-0.6687132716178894
-0.2200213074684143
-0.4951630234718323
-0.9647275805473328
-0.9810191988945007
-0.22693707048892975
-0.23729318380355835
-0.7390291094779968
-1.4220917224884033
-0.5959240794181824
-0.9224912524223328
-0.30256253480911255
-0.18139183521270752
-0.48474639654159546
-0.6166192889213562
-0.3928820490837097
-0.3239785432815552
-0.2782518267631531
-0.42738860845565796
-0.4619225263595581
-0.497567355632782
-0.1209726557135582
-0.596749484539032
-0.27874332666397095
-0.2578811049461365
-0.41793888807296753
-0.1840670108795166
-0.41289156675338745
-0.3548833727836609
-0.6086460947990417
-0.33710187673568726
-0.15743301808834076
-0.15757820010185242
-0.6717960238456726
-0.16212868690490723
-0.1576618105173111
-0.8704792857170105
-0.22553004324436188
-0.27223944664001465
-0.17664098739624023
-0.111643947660923
0.007621580734848976
-0.3421008586883545
-0.3471223711967468
-0.36169159412384033
-0.19109143316745758
-0.18057143688201904
-0.17410273849964142
-0.23512980341911316
-0.18066345155239105
-0.23518699407577515
-0.20920462906360626
-0.22132502496242523
-0.21745578944683075
-0.19910752773284912
-0.2175408899784088
-0.06102610379457474
-0.36181116104125977
-0.1621585339307785
-0.3366100788116455
-0.1917281150817871
-0.19764381647109985
-0.21054066717624664
-0.281207799911499
-0.061414480209350586
-0.15632864832878113
-0.2510484755039215
-0.2602134644985199
-0.199297696352005
-0.31140798330307007
-0.4172758460044861
-0.06179998070001602
-0.062182195484638214
-0.17434212565422058
-0.15682560205459595
-0.19278040528297424
-0.4986202120780945
-0.5975791811943054
-0.4539873003959656
-0.24521714448928833
-0.28153327107429504
-0.5104429125785828
-0.4857284426689148
-0.2476312518119812
-0.3674270510673523
-0.5233394503593445
-0.38756877183914185
-0.3009635806083679
-0.6626541018486023
-0.5546323657035828
-0.8141910433769226
-0.31955164670944214
-0.36044591665267944
-0.3092508912086487
-0.673287570476532
-0.06882519274950027
-0.1100277379155159
-0.18550056219100952
0.23267441987991333
-0.051558203995227814
-0.06939620524644852
2.6927287578582764
-0.1251799464225769
0.454153835773468
-0.0911061242222786
-0.20107048749923706
-0.12475509196519852
-0.23607176542282104
-0.4074699282646179
-0.14443844556808472
0.09573345631361008
-0.14590519666671753
-0.2964164614677429
-0.4671890139579773
-0.45068949460983276
-0.23980742692947388
-0.4601249694824219
-0.33055514097213745
-0.41791266202926636
-0.4015008807182312
-0.23458117246627808
-0.3552524447441101
-0.6427566409111023
-1.3691933155059814
-0.6137096285820007
-0.621499240398407
-0.4034258723258972
-0.19780176877975464
-0.42247408628463745
-0.04479903727769852
-0.09132451564073563
-0.39210623502731323
0.13243180513381958
0.20799237489700317
11.990790367126465
0.26355820894241333
-0.12259549647569656
-0.2784234881401062
0.17177850008010864
1.676781415939331
-0.01120108924806118
0.2465866208076477
-0.10877532511949539
-0.24881857633590698
5.393706321716309
0.1116359755396843
0.6125934720039368
0.2996414303779602
9.360228538513184
-0.13171309232711792
-0.23622816801071167
0.028421098366379738
2.4904963970184326
-0.27334707975387573
-0.04792756587266922
-0.1671258807182312
3.952936887741089
0.9960697293281555
9.412421226501465
0.362723171710968
82.42498779296875
221.728759765625
75.36090087890625
74.606201171875
71.63250732421875
88.22552490234375
74.27081298828125
16.85976219177246
98.419921875
79.76116943359375
50.46783447265625
57.185577392578125
61.743865966796875
81.96343994140625
71.86383056640625
63.272308349609375
72.97125244140625
76.7879638671875
34.28471374511719
27.357419967651367
271.8594970703125
92.11187744140625
35.057647705078125
39.971099853515625
50.69610595703125
98.124755859375
68.2542724609375
94.34307861328125
74.843505859375
309.5135498046875
75.892333984375
47.9180908203125
69.12066650390625
34.41154479980469
45.586273193359375
59.91925048828125
13.093672752380371
44.3143310546875
78.5533447265625
73.66632080078125
57.69122314453125
18.258222579956055
247.16455078125
89.309326171875
80.7159423828125
80.9215087890625
72.4239501953125
59.60260009765625
66.74169921875
-0.0022527631372213364
-0.09498137980699539
-0.2655183672904968
0.021924788132309914
-0.32435721158981323
-0.18022269010543823
3.8086230754852295
-0.0051659997552633286
-0.11110658198595047
4.869036674499512
6.77384090423584
0.5707128643989563
-0.03722686320543289
0.31287842988967896
19.420835494995117
9.005331993103027
0.7540462613105774
5.381171226501465
46.86895751953125
62.326934814453125
70.43182373046875
50.0882568359375
46.4510498046875
54.32098388671875
58.76788330078125
73.73358154296875
75.2117919921875
45.588348388671875
36.737823486328125
37.317230224609375
54.568023681640625
60.33154296875
17.36646842956543
61.0712890625
36.082550048828125
79.691162109375
64.0029296875
59.40484619140625
71.96002197265625
12.01517391204834
5.427672386169434
53.809814453125
68.9893798828125
12.764128684997559
56.912841796875
6.938109397888184
54.69464111328125
4.778567314147949
60.17730712890625
41.406005859375
212.40087890625
19.890501022338867
16.667081832885742
68.79644775390625
59.709381103515625
54.937347412109375
7.902388572692871
34.89591979980469
62.13677978515625
-0.0017208512872457504
0.3043821454048157
-0.2674810290336609
17.343259811401367
2.166304349899292
10.061110496520996
2.1471164226531982
0.8370197415351868
4.109519004821777
0.4847725033760071
17.811017990112305
2.1286838054656982
1.1984031200408936
18.956327438354492
2.7830379009246826
13.865630149841309
-0.039403147995471954
0.3605964779853821
22.320280075073242
-0.3010699152946472
0.0490758940577507
3.7656047344207764
4.693232536315918
13.824362754821777
1.1525256633758545
18.172544479370117
18.743894577026367
11.487395286560059
8.365386009216309
-0.0039040502160787582
11.936057090759277
2.6093337535858154
0.025809580460190773
0.28657227754592896
2.0224292278289795
0.056200794875621796
14.656737327575684
-0.18199366331100464
0.05160742253065109
0.14394551515579224
20.935239791870117
0.9750240445137024
-0.03669566661119461
-0.051158614456653595
16.744291305541992
-0.1516394019126892
-0.1446797251701355
2.2461764812469482
0.30865269899368286
-0.2857150435447693
4.774046897888184
11.707564353942871
3.9706294536590576
-0.07899255305528641
0.33036500215530396
0.3209732174873352
7.566390037536621
2.1428287029266357
0.033529214560985565
0.7960746884346008
10.083815574645996
13.32077693939209
0.7180278897285461
15.914671897888184
6.545195579528809
0.049248747527599335
0.16306763887405396
0.38432198762893677
0.5064294934272766
0.0061009470373392105
-0.12153739482164383
8.191145896911621
-0.12543600797653198
2.8791568279266357
0.04987102001905441
2.3682048320770264
0.04595547169446945
0.02712112106382847
0.9939201474189758
12.575179100036621
0.13509446382522583
9.760794639587402
18.55219841003418
7.525923728942871
-0.07844991236925125
4.9858198165893555
2.7087619304656982
0.27935343980789185
9.29440975189209
11.539801597595215
20.56977653503418
2.6996867656707764
9.323065757751465
23.884153366088867
20.80549430847168
7.517531394958496
18.62525749206543
0.04269295185804367
0.8992794156074524
3.2287662029266357
0.21777230501174927
10.161459922790527
9.214995384216309
0.8129861950874329
0.02663617767393589
0.6118114590644836
0.45041972398757935
8.522665977478027
-0.12180013209581375
0.3667915463447571
10.297148704528809
0.07476382702589035
0.057938627898693085
18.78761100769043
14.910628318786621
0.02688770927488804
4.619875907897949
9.620047569274902
21.085905075073242
2.0390384197235107
0.2748468518257141
3.177382230758667
20.247861862182617
4.239138603210449
0.018230373039841652
0.47437840700149536
0.19283992052078247
0.26732712984085083
0.052807144820690155
17.071256637573242
1.8750922679901123
0.06670361012220383
10.210013389587402
2.2453525066375732
0.11286120861768723
0.033567480742931366
19.319456100463867
0.025777632370591164
1.1675927639007568
-0.0019704755395650864
0.2890518307685852
0.07959943264722824
7.570235252380371
0.11713486164808273
0.03493993729352951
0.8493660092353821
10.045287132263184
0.29681283235549927
0.5332487225532532
13.048346519470215
0.18200474977493286
0.07185845822095871
0.2879102826118469
0.6447628140449524
-0.17242354154586792
0.715262234210968
4.478644371032715
0.04994230717420578
0.2692258954048157
17.781248092651367
15.310881614685059
-0.05178184062242508
0.8671959042549133
0.10201244801282883
1.1080844402313232
15.154250144958496
-0.03608030825853348
9.545256614685059
0.10958843678236008
0.08003979176282883
25.933210372924805
2.5755984783172607
-0.14622992277145386
-0.038872845470905304
0.025787169113755226
0.959057629108429
1.5247008800506592
1.8551623821258545
-0.062373824417591095
0.2819698452949524
15.506590843200684
7.134722709655762
0.27154046297073364
1.7342536449432373
12.248396873474121
3.6578280925750732
0.24296480417251587
0.09226971119642258
0.01579790748655796
-0.13671082258224487
0.9240797162055969
0.06390302628278732
-0.006591504439711571
15.269698143005371
15.343123435974121
16.541746139526367
-0.44141119718551636
17.691526412963867
16.91212272644043
0.40308743715286255
0.2018478512763977
0.9220932126045227
18.083768844604492
13.276938438415527
7.233534812927246
6.674826622009277
0.9296920895576477
22.055753707885742
0.2744348645210266
-0.23850101232528687
14.555899620056152
2.0016276836395264
0.16322308778762817
0.3034732937812805
-0.028814977034926414
5.692000389099121
0.23177510499954224
-0.3047255873680115
16.322980880737305
2.861597776412964
0.003446156159043312
6.790495872497559
0.2653973698616028
9.855643272399902
12.327330589294434
-0.005038445815443993
0.009220177307724953
0.1704886555671692
11.141478538513184
0.05666738003492355
7.884642601013184
16.84150505065918
21.64143180847168
4.888129234313965
6.020594596862793
16.20826530456543
20.266355514526367
16.422269821166992
14.618124961853027
17.420148849487305
3.4440371990203857
16.32093620300293
19.752286911010742
2.6943976879119873
-0.10143394023180008
15.974043846130371
15.996520042419434
1.5388610363006592
0.0397753044962883
0.08633881062269211
6.380335807800293
16.813383102416992
-0.020696347579360008
20.230756759643555
17.292646408081055
8.735617637634277
0.05048876255750656
8.309569358825684
0.3594101071357727
0.07452373951673508
-0.19411629438400269
-0.05781812220811844
9.010634422302246
10.009650230407715
14.00357723236084
15.117949485778809
0.20964699983596802
16.722684860229492
20.85578727722168
9.616629600524902
8.634787559509277
0.21424084901809692
1.894810438156128
-0.2925702929496765
5.194521903991699
3.2798831462860107
0.08258824795484543
6.012587547302246
-0.1337711215019226
0.13942605257034302
20.100080490112305
-0.0454065278172493
1.2610385417938232
-0.2573320269584656
20.753751754760742
0.39422208070755005
0.14264661073684692
0.9186018109321594
22.996747970581055
2.8428122997283936
15.731245994567871
9.00144100189209
-0.25995200872421265
13.50595760345459
13.473090171813965
0.037008337676525116
4.658526420593262
0.4617460370063782
0.3476460576057434
2.902886152267456
-0.21094149351119995
-0.22783726453781128
1.2087581157684326
15.066023826599121
22.202985763549805
3.8280932903289795
11.795844078063965
9.326369285583496
0.3487551808357239
12.859602928161621
12.35745906829834
9.91904354095459
11.726225852966309
0.5488308072090149
2.0948283672332764
-0.03743524104356766
0.08470659703016281
18.20271110534668
1.6109302043914795
11.95749568939209
0.08393900841474533
2.5292747020721436
-0.2392250895500183
1.3711802959442139
1.7698886394500732
-0.08280248194932938
1.3534801006317139
7.98392391204834
0.2736867070198059
2.9550044536590576
7.790526390075684
0.5211227536201477
10.140219688415527
19.006956100463867
4.875487327575684
0.5272892117500305
6.874030113220215
18.130887985229492
5.031394004821777
-0.05829233676195145
9.78745174407959
0.0916162058711052
-0.03789133578538895
0.16080552339553833
19.47645378112793
16.259260177612305
4.7497663497924805
0.05597084015607834
12.210997581481934
1.9157626628875732
12.174727439880371
2.0014121532440186
2.036350965499878
0.1427953839302063
0.5861147046089172
-0.002523845061659813
2.92187762260437
12.118956565856934
0.05329304188489914
15.101576805114746
0.14174729585647583
15.236495018005371
7.691435813903809
0.001963431015610695
17.771757125854492
0.07594948261976242
16.29847526550293
0.8833950161933899
0.028970295563340187
11.780264854431152
-0.12059516459703445
-0.08452767878770828
15.496962547302246
12.231566429138184
-0.13753265142440796
0.12255173176527023
0.07259684056043625
0.3717353940010071
11.926527976989746
-0.03692168742418289
0.7655647397041321
11.307463645935059
0.07614593952894211
0.9776161313056946
10.279555320739746
-0.30089110136032104
24.04304313659668
1.453526258468628
-0.19788378477096558
19.780668258666992
-0.05820149928331375
11.418097496032715
10.529379844665527
-0.07615966349840164
0.18949586153030396
0.7413862347602844
5.303351402282715
16.95869255065918
0.05097394436597824
0.9548843502998352
0.7636678814888
0.6092575192451477
0.5267427563667297
18.297407150268555
14.969115257263184
-0.074855275452137
10.554106712341309
0.27264004945755005
14.425063133239746
0.22692948579788208
11.169135093688965
1.0459468364715576
15.649123191833496
0.9228857159614563
0.5230510830879211
1.0522029399871826
11.253165245056152
4.964400291442871
10.996420860290527
17.521757125854492
9.827589988708496
1.6308658123016357
12.28232479095459
14.325461387634277
0.049239687621593475
0.018481308594346046
3.5271098613739014
0.9386356472969055
0.01687818206846714
0.02375083602964878
0.07653670758008957
-0.04046029597520828
5.478201866149902
0.08425026386976242
0.050982289016246796
16.67036247253418
0.0729096457362175
0.012959534302353859
5.114508628845215
4.4604597091674805
-0.04795617610216141
0.34493619203567505
5.709456443786621
-0.012242740020155907
13.288252830505371
0.05920296162366867
0.13012629747390747
10.03916072845459
11.604575157165527
0.07251720875501633
2.791029691696167
14.700934410095215
14.325881004333496
0.585898220539093
13.982176780700684
0.5367396473884583
5.931464195251465
0.1470368504524231
-0.078716941177845
0.4648445248603821
8.562247276306152
0.1276119351387024
3.157515287399292
0.10255246609449387
3.811995267868042
5.722895622253418
0.04941540211439133
12.844923973083496
3.632643461227417
0.07794838398694992
9.183417320251465
17.720075607299805
0.17588907480239868
-0.06106586009263992
0.2579048275947571
0.05110340565443039
0.05122595280408859
9.55539608001709
-0.035962946712970734
10.718337059020996
11.653449058532715
-0.03599090129137039
5.853659629821777
0.33669644594192505
-0.09925002604722977
2.9660403728485107
0.8403013348579407
1.9813239574432373
1.1768243312835693
16.807401657104492
-0.13779371976852417
0.5617907643318176
10.182173728942871
2.7338149547576904
-0.00555533729493618
1.7228047847747803
1.7986247539520264
7.385870933532715
10.41367244720459
0.25936585664749146
-0.05265588313341141
1.6913821697235107
0.21254664659500122
0.27261143922805786
3.531405210494995
5.32907772064209
1.016066312789917
1.1349608898162842
0.050437264144420624
0.16096168756484985
0.01857023872435093
0.41910821199417114
10.631949424743652
-0.15950220823287964
0.3769415020942688
8.402968406677246
2.5208137035369873
18.767255783081055
0.15023833513259888
6.948493003845215
0.3463056683540344
-0.035014934837818146
0.012782866135239601
23.166471481323242
3.5486552715301514
0.8771932721138
-0.01879519782960415
2.948878049850464
7.669150352478027
12.66403865814209
9.126166343688965
-0.08430594950914383
-0.010014241561293602
4.8899030685424805
-0.09806651622056961
-0.006468003615736961
13.363280296325684
0.16994410753250122
8.165839195251465
0.033419422805309296
16.678922653198242
1.961348295211792
0.2516024708747864
0.06323891133069992
-0.19254416227340698
6.320773124694824
0.2800491452217102
2.7115390300750732
7.130026817321777
1.6628844738006592
-0.1530095934867859
-0.0003923829644918442
13.337271690368652
0.024413520470261574
-0.0011035855859518051
0.38769274950027466
0.07289176434278488
5.425707817077637
-0.13434332609176636
5.451140403747559
-0.07624644786119461
0.5956934094429016
13.759749412536621
0.21558839082717896
16.15229606628418
0.9351280331611633
0.03121691383421421
-0.23408430814743042
17.408048629760742
-0.15260618925094604
2.3621127605438232
3.398512601852417
7.429945945739746
17.001737594604492
0.0490301176905632
10.539488792419434
2.162989377975464
5.691149711608887
12.720213890075684
4.728579521179199
6.507170677185059
0.01883726753294468
7.931044578552246
4.109499931335449
3.724390745162964
0.039133839309215546
1.572310209274292
0.14736825227737427
-0.02278870902955532
-0.24289673566818237
0.028785759583115578
-0.09434766322374344
-0.029919808730483055
1.5645358562469482
-0.23248475790023804
0.6612041592597961
7.1624555587768555
0.00523572601377964
-0.3268968462944031
15.206786155700684
9.275259971618652
0.024478012695908546
0.3683779835700989
14.751204490661621
-0.30894654989242554
0.383932888507843
0.4372566342353821
0.24699097871780396
15.038908958435059
9.908087730407715
0.029389673843979836
0.1548345685005188
10.30631160736084
0.03775077313184738
0.5914028286933899
0.008923584595322609
17.253812789916992
0.16139966249465942
0.5389087796211243
5.14548397064209
0.017687136307358742
14.035902976989746
8.264891624450684
0.019274527207016945
14.445006370544434
19.56928825378418
0.21351271867752075
11.332259178161621
15.921904563903809
0.6994979977607727
6.05997371673584
0.01909690536558628
0.018229300156235695
0.8651989102363586
0.1813390851020813
0.18168240785598755
7.53720760345459
13.881758689880371
25.427396774291992
9.47531795501709
-0.03904647380113602
0.9609668850898743
-0.035683341324329376
-0.27467459440231323
0.1694675087928772
-0.012189095839858055
0.0577431246638298
0.7352026104927063
-0.16490668058395386
0.07170277088880539
0.012808376923203468
2.6910312175750732
8.754576683044434
0.6307132840156555
1.2827460765838623
11.219382286071777
-0.2640506625175476
-0.11542481929063797
9.085593223571777
20.705106735229492
0.5398309826850891
-0.0050134118646383286
3.3145816326141357
11.002058982849121
0.19271451234817505
0.30608922243118286
2.183729887008667
0.5343998074531555
9.54990291595459
17.61366081237793
-0.004759019240736961
7.807631492614746
4.366293907165527
0.012999588623642921
-0.10632628947496414
3.42096209526062
-0.07845468074083328
0.02549033798277378
0.017292553558945656
7.854735374450684
0.038599662482738495
1.8819453716278076
0.4499080777168274
10.629363059997559
18.010831832885742
0.28852587938308716
11.399443626403809
1.3672168254852295
4.731207847595215
-0.23701804876327515
-0.00827283225953579
0.07263069599866867
21.837873458862305
0.009167009964585304
-0.03089994750916958
0.17407160997390747
1.7746169567108154
0.653001606464386
0.019532734528183937
12.568968772888184
18.05085563659668
8.466780662536621
0.3125060200691223
21.356351852416992
14.494978904724121
14.131972312927246
6.319762229919434
27.691068649291992
28.770139694213867
3.4448726177215576
0.8359144330024719
245.8052978515625
213.158935546875
4.185942649841309
4.542342185974121
0.7439478039741516
15.511473655700684
0.834435760974884
167.1104736328125
3.95825457572937
3.1399314403533936
203.7899169921875
1.7910945415496826
3.815523862838745
0.8203790783882141
0.9253996014595032
3.7312419414520264
1.1849830150604248
0.6368916630744934
247.801025390625
27.718381881713867
247.494140625
5.936293601989746
248.635498046875
0.8088586926460266
1.4430606365203857
5.241213798522949
166.6055908203125
0.9227388501167297
3.1595523357391357
2.8267810344696045
-0.06277389079332352
1.053436040878296
245.6063232421875
111.73797607421875
20.771299362182617
2.793560743331909
217.895751953125
3.9474666118621826
1.2479608058929443
32.55845642089844
230.3853759765625
1.133268117904663
0.9116981625556946
1.1048533916473389
1.3148200511932373
226.8280029296875
3.8092257976531982
26.44074821472168
5.493189811706543
248.9849853515625
232.261474609375
269.4559326171875
194.9293212890625
18.86878776550293
1.9414622783660889
114.02703857421875
1.1999328136444092
0.8362873196601868
258.3450927734375
0.6669109463691711
183.0186767578125
3.734358549118042
3.0033557415008545
207.0838623046875
3.4866855144500732
0.918300449848175
3.479628324508667
1.9098803997039795
1.2373912334442139
1.3216273784637451
0.7177985310554504
2.162945508956909
0.8983491063117981
6.197356224060059
213.456298828125
34.45326232910156
4.299361228942871
1.3438441753387451
2.5920588970184326
10.02207088470459
246.66943359375
226.7916259765625
0.9044578671455383
0.402396023273468
3.9498813152313232
212.2906494140625
195.016845703125
0.9054535031318665
229.142578125
16.568029403686523
231.241943359375
170.7916259765625
5.954497337341309
0.4886844754219055
2.3003947734832764
0.8877952694892883
92.30987548828125
129.85650634765625
24.14362907409668
90.06060791015625
254.250244140625
132.134765625
3.725630521774292
187.036376953125
243.1754150390625
2.3655898571014404
18.012235641479492
216.435302734375
0.7987049221992493
254.1663818359375
217.59912109375
21.673612594604492
0.8347728848457336
171.3209228515625
260.5738525390625
0.1945839524269104
1.364257574081421
1.1997363567352295
195.6939697265625
171.1461181640625
3.3899142742156982
185.10888671875
255.2608642578125
0.4969509243965149
251.25927734375
0.2709663510322571
29.394025802612305
233.343505859375
0.8733990788459778
204.9066162109375
7.287898063659668
3.1060473918914795
156.6092529296875
5.810904502868652
0.7797811627388
238.497314453125
238.8074951171875
0.8472650647163391
0.6713984608650208
1.480705976486206
222.8441162109375
181.6868896484375
19.326826095581055
210.5091552734375
0.9356124997138977
1.2518250942230225
183.0306396484375
247.3160400390625
0.7657745480537415
0.4682644009590149
213.2454833984375
194.925048828125
258.5238037109375
225.030517578125
1.2663753032684326
-0.13483542203903198
0.8878667950630188
254.47900390625
93.37835693359375
236.930419921875
227.5238037109375
5.464285850524902
263.517333984375
7.64993953704834
0.5337284207344055
33.191253662109375
248.6180419921875
0.7898662686347961
211.8359375
0.47927552461624146
0.8415868878364563
3.8964717388153076
0.48260194063186646
44.01226806640625
1.1375758647918701
115.86480712890625
171.51513671875
1.2822082042694092
0.7471612095832825
0.5623982548713684
1.0447862148284912
245.991455078125
0.7416160702705383
2.6560866832733154
4.574889183044434
0.5554164052009583
123.803955078125
0.7232463955879211
1.321258306503296
241.688232421875
3.4557101726531982
250.2630615234375
222.79345703125
3.4680469036102295
1.359760046005249
0.19791942834854126
0.8409698605537415
222.3076171875
249.3897705078125
3.7352092266082764
0.6653993725776672
3.2842471599578857
266.037109375
3.296086072921753
15.373274803161621
9.417738914489746
129.26202392578125
11.724242210388184
190.1143798828125
134.70947265625
5.803454399108887
179.196044921875
0.958360493183136
260.629638671875
0.8934887051582336
253.6895751953125
13.798361778259277
15.924574851989746
16.014341354370117
0.8156145215034485
1.1297938823699951
257.3060302734375
1.0791490077972412
1.245680570602417
32.829620361328125
268.4981689453125
14.283530235290527
31.575681686401367
0.19883805513381958
166.31494140625
0.8355873227119446
257.78662109375
11.710387229919434
28.908567428588867
257.90966796875
0.870380699634552
1.2565219402313232
9.443617820739746
0.8473976254463196
4.453387260437012
208.548583984375
0.9050758481025696
1.2985427379608154
202.1337890625
56.896636962890625
31.95423698425293
1.2510173320770264
174.54296875
4.341940879821777
0.8603489995002747
1.291496992111206
0.2012205719947815
1.9063899517059326
238.0150146484375
6.531752586364746
15.445456504821777
243.822998046875
204.241943359375
1.896233320236206
225.4547119140625
31.308408737182617
0.9777095913887024
1.1205928325653076
87.43975830078125
8.747969627380371
243.1285400390625
4.041876792907715
7.2003583908081055
3.3227756023406982
206.377685546875
142.08721923828125
0.967022716999054
20.07453727722168
33.61439514160156
6.929503440856934
153.67041015625
189.765625
210.5142822265625
254.5380859375
7.137770652770996
57.043914794921875
4.022116661071777
5.029738426208496
1.238783597946167
1.2402827739715576
0.6262977719306946
7.317809104919434
0.8196285367012024
0.8661220669746399
6.630423545837402
238.5054931640625
250.2886962890625
236.662353515625
166.8358154296875
245.063720703125
176.7498779296875
0.8850544095039368
231.402587890625
257.290283203125
0.5323799252510071
1.2309272289276123
21.350996017456055
2.9540507793426514
204.201416015625
0.7733638882637024
20.271757125854492
221.5626220703125
110.59442138671875
235.08935546875
232.101318359375
0.9439294934272766
1.1623637676239014
198.828857421875
0.8522136807441711
1.1352641582489014
5.171866416931152
224.718505859375
4.301756858825684
8.917960166931152
21.69965934753418
253.1875
214.096435546875
0.8208644986152649
0.8276298642158508
226.3353271484375
0.7854765057563782
228.387939453125
14.225462913513184
0.5472586750984192
233.7967529296875
0.4195764660835266
17.74384117126465
190.5804443359375
38.954986572265625
0.0
22.374876022338867
74.6793212890625
121.96075439453125
19.71473503112793
234.878662109375
33.68983459472656
0.5987918972969055
6.129385948181152
3.0525290966033936
0.8112295269966125
1.2872569561004639
213.7271728515625
0.6274316906929016
6.484766960144043
118.21270751953125
207.75439453125
233.409423828125
258.5611572265625
0.7813690304756165
0.1595962643623352
240.1868896484375
16.921056747436523
7.817763328552246
157.1126708984375
0.968853771686554
0.7341817021369934
218.9420166015625
0.8824108242988586
7.545760154724121
3.252424955368042
18.831830978393555
244.1802978515625
98.28448486328125
195.020263671875
0.7365229725837708
10.644431114196777
198.756103515625
46.3497314453125
2.585118055343628
0.7652676701545715
32.16461181640625
0.9645012021064758
1.498945951461792
0.6520183682441711
1.0573155879974365
9.908553123474121
0.8135707974433899
213.6671142578125
0.8520572781562805
35.051361083984375
0.9475753903388977
1.7434422969818115
2.29707407951355
9.291647911071777
0.9813478589057922
0.89336758852005
0.2044861912727356
223.681884765625
121.3157958984375
260.8819580078125
1.1122071743011475
174.5084228515625
187.014892578125
0.2077212929725647
23.333189010620117
2.3627803325653076
28.747922897338867
148.96661376953125
94.4478759765625
20.99232292175293
4.897677421569824
0.5614116787910461
214.64599609375
0.5745809674263
167.5989990234375
183.5594482421875
0.8201501965522766
0.9783657193183899
-0.014630502089858055
144.734619140625
1.4306495189666748
236.015625
1.2631700038909912
189.23779296875
1.0231845378875732
107.0245361328125
235.80908203125
1.321364164352417
199.097412109375
0.825339138507843
162.2144775390625
257.86181640625
0.8306739926338196
1.8184068202972412
0.8631055951118469
1.2691094875335693
29.195341110229492
217.950439453125
190.0286865234375
6.375277519226074
0.7855032086372375
9.680106163024902
9.728499412536621
234.3582763671875
0.6788733601570129
0.8590381741523743
6.7869977951049805
144.0018310546875
1.3703811168670654
1.006070852279663
72.78988647460938
52.704315185546875
188.450439453125
1.2841708660125732
0.42143136262893677
2.0450599193573
189.2479248046875
0.891557514667511
216.76953125
214.673828125
206.223388671875
149.6654052734375
226.40478515625
125.72686767578125
172.814208984375
7.879645347595215
0.9013774991035461
222.2413330078125
253.243896484375
205.1375732421875
0.8573740124702454
146.773193359375
243.4168701171875
0.6728995442390442
4.1531476974487305
2.8422038555145264
0.21092373132705688
0.5823448300361633
10.436110496520996
206.951904296875
131.93634033203125
181.4339599609375
42.542633056640625
0.6622598767280579
222.4876708984375
158.8170166015625
1.1218059062957764
7.033846855163574
4.003710746765137
3.502119779586792
249.4017333984375
0.6221321225166321
253.4385986328125
127.18310546875
244.3729248046875
0.5760253071784973
0.21409636735916138
6.9761152267456055
234.4395751953125
249.0234375
252.2896728515625
29.557722091674805
255.1107177734375
100.98736572265625
251.3521728515625
10.00247859954834
252.8494873046875
6.064753532409668
33.4830322265625
1.032193899154663
243.271484375
1.475060224533081
216.7821044921875
4.40445613861084
0.7983134388923645
3.883967161178589
174.43408203125
244.9359130859375
245.2406005859375
2.4390017986297607
4.020449638366699
0.7761428952217102
229.777099609375
152.612060546875
0.8179119229316711
3.2248752117156982
0.7448351979255676
8.879149436950684
222.8580322265625
3.3777072429656982
4.39194393157959
0.974234402179718
3.9883334636688232
175.441162109375
3.9011218547821045
0.7737300992012024
1.0353829860687256
22.739439010620117
204.231689453125
225.03125
0.9954841732978821
3.5154407024383545
3.212599515914917
2.4924418926239014
-0.2916666865348816
-0.2944943308830261
-0.2358924150466919
-2.0414912700653076
-0.9584274888038635
-0.20066888630390167
-0.2715461254119873
-0.36877554655075073
-0.22877711057662964
-0.4753352999687195
-0.41695326566696167
-0.2640687823295593
-0.10178689658641815
-0.23689430952072144
-0.10235860198736191
-1.699270486831665
-0.17794418334960938
-0.7376607060432434
-0.6364235877990723
-1.2736339569091797
-0.20679515600204468
-0.2758895754814148
-0.8369124531745911
-1.3125238418579102
-0.5900521874427795
-1.1053946018218994
-0.17015892267227173
-1.233529806137085
-1.2275646924972534
-0.6516345143318176
-0.3314358592033386
-0.6166456341743469
-0.5970877408981323
-0.7207501530647278
-0.3873578906059265
-0.5468103289604187
-0.20076113939285278
-0.6155316233634949
-0.5774563550949097
-0.30614393949508667
-0.534927248954773
-0.5094290375709534
-0.5110161304473877
-0.28136366605758667
-0.29516714811325073
-1.0307466983795166
-0.5596811175346375
-0.2040615975856781
-0.4793536067008972
-0.28114670515060425
-0.23306095600128174
-0.6895018815994263
-0.2078717052936554
-0.5711528658866882
-0.32162588834762573
-0.8083879351615906
-0.9323320388793945
-0.7545328736305237
-0.27777954936027527
-0.22276633977890015
-0.2784203588962555
-1.0295202732086182
-1.763211727142334
-0.37146663665771484
-0.9826230406761169
-0.7511447072029114
-0.8698160648345947
-0.8832376599311829
-0.25300925970077515
-0.22424763441085815
-0.4552413821220398
-0.46708276867866516
-0.536445677280426
-0.3789607882499695
-0.6605883240699768
-0.26817047595977783
-1.8762412071228027
-0.30125224590301514
-0.5352643132209778
-0.6714341044425964
-1.0697836875915527
-0.2782518267631531
-0.4248039126396179
-1.6069430112838745
-0.272972047328949
-0.31512364745140076
-0.6012835502624512
-0.24045509099960327
-0.9709233641624451
-0.8247713446617126
-0.34579741954803467
-0.18029792606830597
-0.6912696957588196
-0.3602706789970398
-0.42662280797958374
-0.4310552477836609
-0.2655884027481079
-0.20548883080482483
-0.9341117739677429
-0.49976474046707153
-0.3817475438117981
-0.20939242839813232
-0.48127466440200806
-0.3327224850654602
-0.21063411235809326
-1.4773650169372559
-0.9238166809082031
-0.6837027072906494
-0.34909266233444214
-1.4502301216125488
-0.40185707807540894
-0.16565462946891785
-0.5784397125244141
-0.33235710859298706
-0.7041013836860657
-0.17632825672626495
-0.33226144313812256
-0.4934292435646057
-1.380179762840271
-0.8970896601676941
-0.10292618721723557
-0.611487090587616
-0.30376136302948
-0.3778793215751648
-0.24721473455429077
-0.17417588829994202
-0.5073253512382507
-0.2702886462211609
-0.5906884074211121
-0.30697759985923767
-0.4260316491127014
-0.17564411461353302
-0.4132232666015625
-1.865812063217163
-0.285475492477417
-0.6180862784385681
-0.20052972435951233
-0.14289680123329163
-1.062454342842102
-0.6536107659339905
-1.7744860649108887
-0.45814603567123413
-0.4925770163536072
-0.9413692355155945
-0.17850494384765625
-0.4386252164840698
-1.4799549579620361
-0.29755228757858276
-0.7632803916931152
-0.7182437181472778
-0.1870519518852234
-0.9154769778251648
-0.4360582232475281
-0.2035774141550064
-0.31805121898651123
-0.8432610630989075
-0.5474936962127686
-0.6492721438407898
-0.7882226705551147
-0.578930675983429
-0.4301987290382385
-0.9297202229499817
-0.3733106851577759
-1.206895351409912
-0.2735678553581238
-0.19739624857902527
-0.5915607810020447
-0.48918354511260986
-0.7288883328437805
-0.45035892724990845
-0.4510471224784851
-0.2744528651237488
-0.8371817469596863
-1.756534218788147
-0.5475208759307861
-0.39421582221984863
-0.24070647358894348
-0.9618563055992126
-0.3364035487174988
-1.0868330001831055
-0.1942017823457718
-0.3523833155632019
-0.46086814999580383
-0.4773818850517273
-0.38747256994247437
-0.3195640444755554
-0.8594555258750916
-0.5101495981216431
-0.6261870861053467
-0.6175833940505981
-0.285319983959198
-0.7563061118125916
-0.5790945291519165
-0.10348967462778091
-0.2605385184288025
-0.1871691346168518
-0.19154876470565796
-0.5450283288955688
-0.31816214323043823
-0.4567590653896332
-0.25469034910202026
-0.3654246926307678
-0.26127398014068604
-0.19516180455684662
-0.5343817472457886
-0.6087221503257751
-0.3737325072288513
-0.23955127596855164
-0.4047066867351532
-0.3304283022880554
-0.47285354137420654
-0.24714180827140808
-0.2855488657951355
-0.36113595962524414
-0.5767108798027039
-0.1907888799905777
-0.5053053498268127
-0.20445150136947632
-0.2234862893819809
-0.4018336534500122
-1.5426244735717773
-0.19770735502243042
-0.30900242924690247
-0.2790042757987976
-0.6195665001869202
-0.15806692838668823
-0.3399888873100281
-0.15322282910346985
-0.17266413569450378
-1.0755871534347534
-0.16603121161460876
-0.3198530077934265
-0.22759801149368286
-0.5795844197273254
-0.5425962805747986
-0.2637321352958679
-0.7429470419883728
-0.16257791221141815
-0.24723049998283386
-0.5306126475334167
-0.44819849729537964
-0.23105520009994507
-0.1594894975423813
-1.4979898929595947
-0.8764681220054626
-0.38057583570480347
-0.5534909963607788
-0.1040492132306099
-1.216729760169983
-1.0378618240356445
-0.16971570253372192
-1.1750636100769043
-0.9132437109947205
-0.6153006553649902
-0.25321081280708313
-0.166282057762146
-0.9691517949104309
-0.893126368522644
-0.3319808840751648
-1.3124985694885254
-0.2607695162296295
-0.6632435321807861
-0.6418522000312805
-0.22194302082061768
-1.3203394412994385
-0.10460490733385086
-0.3621212840080261
-0.4865657687187195
-0.14119906723499298
-0.16226905584335327
-0.4752342104911804
-0.734707772731781
-0.2149621844291687
-0.4218074679374695
-1.3385621309280396
-0.528116762638092
-1.1942274570465088
-0.1987479329109192
-0.6634020805358887
-0.1664314866065979
-0.22379019856452942
-0.13518917560577393
-0.8309009671211243
-0.10515686124563217
-0.22929170727729797
-0.220596581697464
-0.787394106388092
-1.1729782819747925
-0.3386799097061157
-0.18642586469650269
-0.6225624084472656
-1.794111728668213
-0.7319930195808411
-0.26829904317855835
-0.9205927848815918
-0.2562333941459656
-0.4695982336997986
-1.3107668161392212
-0.16834686696529388
-0.3752037286758423
-0.41113442182540894
-0.8888911604881287
-0.5428367257118225
-0.33834677934646606
-0.2703876793384552
-0.26676473021507263
-0.6034412384033203
-0.6483099460601807
-0.3194659352302551
-0.7203505635261536
-0.4404129385948181
-0.5332356095314026
-0.25127166509628296
-0.18896329402923584
-1.3536227941513062
-0.47411030530929565
-0.44388288259506226
-0.27083033323287964
-0.8037952780723572
-0.2005852311849594
-0.1782640814781189
-0.2652766704559326
-0.5173999667167664
-0.7648117542266846
-0.5239238142967224
-1.8206641674041748
-1.2341282367706299
-0.20104800164699554
-0.20070546865463257
-0.10570519417524338
-0.47520118951797485
-0.4804183840751648
-0.17240676283836365
-0.7359914779663086
-0.7867216467857361
-0.564344584941864
-0.19822123646736145
-0.22769677639007568
-0.1396418660879135
-0.1386612355709076
-0.5757424235343933
-1.3269761800765991
-0.16467571258544922
-0.2602105140686035
-0.24758514761924744
-0.2887129485607147
-0.6865483522415161
-0.1711345613002777
-0.24097150564193726
-0.5402086973190308
-0.45723071694374084
-0.10625071078538895
-1.1372802257537842
-1.0226995944976807
-0.5419149994850159
-0.5318881869316101
-1.1028070449829102
-1.1085643768310547
-0.34117329120635986
-0.31152743101119995
-1.7558537721633911
-0.3479301333427429
-0.22039192914962769
-1.1005847454071045
-0.3094791769981384
-1.2062122821807861
-0.8249086737632751
-0.6342533230781555
-0.7253429293632507
-0.1941515952348709
-0.4986775517463684
-0.32626551389694214
-0.5217153429985046
-0.3537937104701996
-0.2072390615940094
-0.27580899000167847
-0.13559292256832123
-0.38609424233436584
-0.23408636450767517
-0.20199622213840485
-0.8534137606620789
-0.3160540461540222
-0.10678870230913162
-0.14347875118255615
-0.5284021496772766
-0.10730426758527756
-0.39714789390563965
-0.3554002642631531
-0.26549333333969116
-0.3974258303642273
-0.8304400444030762
-0.37183311581611633
-0.24776196479797363
-0.2132543921470642
-0.7795315384864807
-1.1925427913665771
-0.6316911578178406
-1.085484504699707
-0.9058967232704163
-0.30462443828582764
-0.4256688952445984
-0.49496662616729736
-0.13900524377822876
-0.39412233233451843
-0.417971670627594
-0.14379924535751343
-0.21625036001205444
-0.8041496872901917
-0.20673590898513794
-0.5812153220176697
-0.3481733202934265
-0.1378067135810852
-0.211536705493927
-0.32488322257995605
-0.15100306272506714
-0.2397369146347046
-0.3703119158744812
-0.4611123204231262
-0.2632947564125061
-0.3041038513183594
-0.5490332245826721
-0.7486020922660828
-0.1821201741695404
-0.617758572101593
-0.27581164240837097
-1.2240022420883179
-0.29857107996940613
-0.5183078646659851
-0.6420012712478638
-0.27609583735466003
-0.2863542139530182
-1.6102266311645508
-1.1808290481567383
-0.22480690479278564
-0.7973141074180603
-0.19249972701072693
-0.248114675283432
-0.532472550868988
-0.2389013171195984
-0.26994937658309937
-0.9233976602554321
-0.27508240938186646
-0.528700590133667
-1.170889139175415
-0.4622896611690521
-0.5850045680999756
-1.3403701782226562
-0.1410650759935379
-0.24972748756408691
-1.4597184658050537
-0.20430022478103638
-0.49748629331588745
-0.9777306914329529
-0.15171948075294495
-0.23798507452011108
-0.5879432559013367
-0.8599362969398499
-0.27750808000564575
-0.8134568333625793
-0.23157364130020142
-0.10778454691171646
-0.26913195848464966
-0.6157082319259644
-0.8588535189628601
-0.18445901572704315
-0.24755626916885376
-0.2980489134788513
-0.15026986598968506
-0.2176477313041687
-1.570020318031311
-0.18961618840694427
-1.1340625286102295
-0.3703688979148865
-0.48799026012420654
-1.2274754047393799
-0.1840791553258896
-0.18800923228263855
-0.1799299567937851
-0.18835805356502533
-1.019911289215088
-0.7441245317459106
-0.3477274179458618
-0.15597134828567505
-0.6427845358848572
-0.22515489161014557
-0.5667540431022644
-0.19330990314483643
-0.5575725436210632
-0.5971241593360901
-0.5327102541923523
-0.8759369254112244
-0.210079625248909
-0.5327178835868835
-0.7757232785224915
-0.3220038414001465
-0.10825800150632858
-0.5559341907501221
-0.5323522686958313
-0.2710797190666199
-0.17464156448841095
-0.4417159855365753
-0.2616115212440491
-0.4148007333278656
-0.11876007169485092
-0.07202301174402237
-0.20671479403972626
-0.28231343626976013
-0.11163202673196793
-0.2324880063533783
-0.15649160742759705
-0.14365163445472717
-0.1456562727689743
-0.20898917317390442
-0.33561253547668457
-0.27849864959716797
-0.16080394387245178
-0.3418017029762268
-0.4037077724933624
-0.15836752951145172
-0.2724829316139221
-0.11189324408769608
-0.23010307550430298
-0.19624578952789307
-0.3045048415660858
-0.14419274032115936
-0.11800291389226913
-0.1567174643278122
-0.07235879451036453
-0.3145427107810974
-0.07269292324781418
-0.1121235117316246
-0.21031126379966736
-0.36094099283218384
-0.07302547246217728
-0.1567925065755844
-0.2723769545555115
-0.24112826585769653
-0.26347988843917847
-0.25280410051345825
-0.33912932872772217
-0.07335644215345383
-0.5218937993049622
-0.07368587702512741
-0.15686745941638947
-0.2863805890083313
-0.21534010767936707
-0.11616284400224686
-0.11254674941301346
-0.5588744282722473
-0.11875032633543015
-0.1458454728126526
-0.12305358797311783
-0.07401373237371445
-0.11706056445837021
-0.1699521690607071
-0.27826327085494995
